hyperparams/tune-2018-01-18-08-55-07/train-1-0.02-0.9-0.98-1e-12-16000-1000-1024-4-8-64-256-256-256-256-True-0.75.log 0.00 0.00 0.00 0.00 0.00 0.00 0.00 0.00 0.00 0.00 0.00 0.00 0.00 0.00 0.00 0.00 0.00 0.00 0.00 0.00 0.00 0.00 0.00 0.00 0.00 0.00 0.00 0.00 0.00 0.00 0.00 0.00 0.00 0.00 0.00 0.00 0.00 0.00 0.00 0.00 0.00 0.00 0.00 0.00 0.00 0.00 0.00 0.00 0.00 0.00 0.00 0.00 0.00 0.00 0.00 0.00 0.00 0.00 0.00 0.00 0.00 0.00
hyperparams/tune-2018-01-18-08-55-07/train-1-0.02-0.9-0.98-1e-12-16000-1000-1024-4-8-64-256-256-256-256-True-1.0.log 4.49 5.36 9.17 8.97 10.28 14.00 14.25 18.48 20.18 22.35 25.01 26.09 27.84 29.28 30.01 31.32 32.65 33.39 34.95 35.52 35.34 36.50 37.40 38.09 38.17 38.96 39.67 40.38 40.95 41.17 41.69 41.51 43.10 42.33 42.82 43.87 44.30 44.06 45.02 45.14 46.02 46.15 46.07 46.62 46.98 46.74 46.96 47.09 47.57 47.50 48.20 48.54 48.38 48.93 48.19 49.20 49.69 49.31 50.20 49.32 50.09
hyperparams/tune-2018-01-18-08-55-07/train-1-0.02-0.9-0.98-1e-12-16000-1000-1024-4-8-64-256-256-256-256-True-1.25.log 0.00 7.07 13.02 15.76 17.66 24.41 26.60 29.90 30.80 33.52 35.22 35.94 37.86 39.16 40.04 40.41 40.58 42.05 42.27 42.66 43.39 43.88 44.04 44.87 45.86 46.25 46.85 46.44 46.62 47.26 47.82 47.86 47.90 48.75 48.91 49.79 49.87 50.03 49.70 49.73 50.24 50.34 50.90 50.87 51.33 51.67 51.50 52.11 51.17 52.14 52.76 52.29 52.80 53.14 53.13 53.24 53.61 53.77 54.03 53.96 53.65 54.28
hyperparams/tune-2018-01-18-08-55-07/train-1-0.02-0.9-0.98-1e-12-16000-1000-1024-4-8-64-256-256-256-256-True-1.5.log 0.00 0.00 9.22 14.26 17.36 20.66 23.77 27.94 30.13 32.47 34.80 36.09 37.94 38.33 40.81 41.90 43.06 44.09 44.84 46.10 46.98 47.47 48.32 48.75 49.26 50.52 50.79 51.28 52.01 52.67 51.96 53.26 53.63 54.48 55.01 55.44 55.40 55.45 56.92 56.56 57.28 57.18 57.89 58.00 58.94 58.53 58.66 59.14 59.77 59.76 60.28 60.16 60.73 61.91 60.98 61.34 61.38 61.90 61.90 61.83 62.19 62.28
hyperparams/tune-2018-01-18-08-55-07/train-1-0.02-0.9-0.98-1e-12-16000-1000-1024-4-8-64-256-256-256-256-True-1.75.log 0.00 0.00 0.00 0.00 0.00 0.00 0.00 0.00 0.38 1.28 1.30 2.92 4.13 4.57 4.74 5.70 6.67 9.42 11.75 14.38 15.13 15.46 15.97 16.23 16.91 17.63 18.42 20.04 21.12 21.81 22.77 23.33 24.28 25.32 26.35 26.73 27.21 27.97 28.49 29.23 29.57 29.96 30.27 30.48 31.39 31.58 32.02 32.70 32.96 33.56 33.90 34.79 35.10 35.11 35.66 36.15 36.67 36.99 37.24 37.44 37.98
hyperparams/tune-2018-01-18-08-55-07/train-1-0.02-0.9-0.98-1e-12-16000-1500-1024-4-8-64-256-256-256-256-True-1.5.log 0.00 0.00 15.06 19.02 22.73 27.03 30.53 33.60 36.68 0.00 0.00 41.57 42.98 44.02 44.97 0.00 47.01 48.61 48.86 49.63 51.05 51.55 52.42 52.66 53.42 54.71 54.72 55.87 56.63 56.49 57.00 57.43 57.84 58.59 59.19 59.45 59.71 60.69 60.75 61.41 61.46 61.81 62.22 62.18 62.35 63.27 63.12 63.55 63.98 63.71 64.32 64.52 65.15
hyperparams/tune-2018-01-18-08-55-07/train-1-0.04-0.9-0.98-1e-12-16000-1000-1024-4-8-64-256-256-256-256-True-0.75.log 0.00 0.00 0.00 0.00 0.00 0.00 0.00 0.00 0.00 0.00 0.00 0.00 0.00 0.00 0.00 0.00 0.00 0.00 0.00 0.00 0.00 0.00 0.00 0.00 0.00 0.00 0.00 0.00 0.00 0.00 0.00 0.00 0.00 0.00 0.00 0.00 0.00 0.00 0.00 0.00 0.00 0.00 0.00 0.00 0.00 0.00 0.00 0.00 0.00 0.00 0.00 0.00 0.00 0.00 0.00 0.00 0.00 0.00 0.00 0.00 0.00 0.00 0.00
hyperparams/tune-2018-01-18-08-55-07/train-1-0.04-0.9-0.98-1e-12-16000-1000-1024-4-8-64-256-256-256-256-True-1.0.log 10.38 0.00 0.00 0.00 0.00 0.00 0.00 0.00 0.00 0.00 0.00 0.00 0.00 0.00 0.00 0.00 0.00 0.00 0.00 0.00 0.00 0.00 0.00 0.00 0.00 0.00 0.00 0.00 0.00 0.00 0.00 0.00 0.00 0.00 0.00 0.00 0.00 0.00 0.00 0.00 0.00 0.00 0.00 0.00 0.00 0.00 0.00 0.00 0.00 0.00 0.00 0.00 0.00 0.00 0.00 0.00 0.00 0.00 0.00 0.00 0.00 0.00 0.00 0.00
hyperparams/tune-2018-01-18-08-55-07/train-1-0.04-0.9-0.98-1e-12-16000-1000-1024-4-8-64-256-256-256-256-True-1.25.log 12.53 23.26 31.77 32.84 36.55 38.23 40.67 42.50 43.13 45.42 46.17 47.21 49.28 50.30 50.63 51.51 52.56 52.90 53.43 55.02 55.24 55.64 55.60 55.83 55.96 56.74 57.50 58.15 57.84 58.17 58.11 0.00 59.28 59.16 59.75 59.54 59.89 60.41 60.14 59.88 61.07 61.86 61.09 61.56 61.64 62.33 61.98 0.00 62.30 0.00 62.79 62.62 63.29 63.12 63.05 63.55 63.73 63.47 0.00 0.00 0.00
hyperparams/tune-2018-01-18-08-55-07/train-1-0.04-0.9-0.98-1e-12-16000-1000-1024-4-8-64-256-256-256-256-True-1.5.log 0.00 0.00 0.01 0.09 1.45 8.30 11.21 14.38 16.64 19.87 19.99 24.63 25.56 28.56 29.61 29.48 32.90 33.60 35.51 36.90 37.34 38.20 39.44 40.02 40.43 41.61 42.33 42.16 44.03 44.11 44.78 45.70 45.04 45.75 46.85 47.87 47.79 48.71 48.18 49.56 50.62 49.43 50.21 50.80 51.50 51.91 52.28 52.61 52.71 53.48 52.92 53.14 53.92 54.42 54.47 54.82 55.28 54.65 55.55 55.36 55.90 55.98
hyperparams/tune-2018-01-18-08-55-07/train-1-0.04-0.9-0.98-1e-12-16000-1000-1024-4-8-64-256-256-256-256-True-1.75.log 0.00 0.00 0.00 0.00 0.00 0.00 0.00 0.00 0.00 0.15 0.96 2.48 4.27 5.96 6.59 8.57 10.33 12.21 13.70 14.72 14.87 15.81 16.70 17.59 17.46 19.52 20.49 21.09 21.98 22.95 23.72 24.45 25.54 26.57 27.17 28.29 29.12 29.98 30.55 30.88 31.74 32.42 32.78 33.32 34.08 34.67 35.30 35.47 36.36 36.86 37.36 37.96 38.28 38.22 39.30 39.57 39.83 40.46 41.06 40.67 41.38 41.98
hyperparams/tune-2018-01-18-08-55-07/train-1-0.04-0.9-0.98-1e-12-16000-1500-1024-4-8-64-256-256-256-256-True-0.75.log 0.00 0.00 0.00 0.00 0.00 0.00 0.00 0.00 0.00 0.00 0.00 0.00 0.00 0.00 0.00 0.00 0.00 0.00 0.00 0.00 0.00 0.00 0.00 0.00 0.00 0.00 0.00 0.00 0.00 0.00 0.00 0.00 0.00 0.00 0.00 0.00 0.00 0.00 0.00 0.00 0.00 0.00 0.00 0.00 0.00 0.00 0.00 0.00 0.00 0.00 0.00 0.00 0.00 0.00 0.00 0.00
hyperparams/tune-2018-01-18-08-55-07/train-1-0.04-0.9-0.98-1e-12-16000-1500-1024-4-8-64-256-256-256-256-True-1.0.log 0.00 0.00 0.00 0.00 0.00 0.00 0.00 0.00 0.00 0.00 0.00 0.00 0.00 0.00 0.00 0.00 0.00 0.00 0.00 0.00 0.00 0.00 0.00 0.00 0.00 0.00 0.00 0.00 0.00 0.00 0.00 0.00 0.00 0.00 0.00 0.00 0.00 0.00 0.00 0.00 0.00 0.00 0.00 0.00 0.00 0.00 0.00 0.00 0.00 0.00 0.00 0.00 0.00 0.00 0.00 0.00
hyperparams/tune-2018-01-18-08-55-07/train-1-0.04-0.9-0.98-1e-12-16000-1500-1024-4-8-64-256-256-256-256-True-1.25.log 0.00 4.94 10.93 15.26 19.87 20.81 28.13 33.10 33.59 36.81 39.29 39.43 41.81 42.87 43.90 44.03 45.56 46.28 45.87 47.78 48.20 48.18 48.63 49.64 50.08 50.09 51.37 0.00 51.40 51.04 52.07 53.10 52.92 53.73 0.00 54.22 53.66 54.52 54.11 54.34 55.03 55.47 55.72 0.00 56.34 56.17 56.33 57.17 56.76 0.00 56.76 0.00 0.00 0.00
hyperparams/tune-2018-01-18-08-55-07/train-1-0.04-0.9-0.98-1e-12-16000-1500-1024-4-8-64-256-256-256-256-True-1.5.log 0.00 0.00 8.30 11.61 14.23 17.57 20.95 23.94 26.82 27.50 31.13 31.69 33.94 35.31 36.99 37.11 38.32 39.73 40.21 41.31 42.67 43.05 43.80 44.17 45.82 45.91 46.56 47.09 46.61 48.70 48.61 48.78 49.99 50.42 50.77 50.93 51.47 52.00 52.27 52.85 53.13 53.83 53.88 55.14 54.74 55.09 55.67 56.00 56.63 56.68 56.21 56.87 57.15 57.33 57.97
hyperparams/tune-2018-01-18-08-55-07/train-1-0.04-0.9-0.98-1e-12-16000-1500-1024-4-8-64-256-256-256-256-True-1.75.log 0.00 0.00 0.00 0.00 0.00 0.00 0.75 5.95 9.42 12.73 15.10 16.26 17.75 19.25 21.54 23.09 25.09 26.89 27.92 29.92 31.22 32.28 32.63 0.00 34.98 36.08 36.63 37.33 38.05 38.58 39.50 39.91 40.12 40.45 41.41 41.89 42.58 43.49 43.58 43.99 44.58 44.98 45.74 46.03 46.57 46.85 47.34 47.53 48.33 48.43 48.87 49.50 49.45
hyperparams/tune-2018-01-18-08-55-07/train-1-0.04-0.9-0.98-1e-12-16000-2000-1024-4-8-64-256-256-256-256-True-0.75.log
hyperparams/tune-2018-01-18-08-55-07/train-1-0.04-0.9-0.98-1e-12-16000-2000-1024-4-8-64-256-256-256-256-True-1.0.log 0.00 0.00 0.00 0.00 0.00 0.00 0.00 0.00 0.00 0.00 0.00 0.00 0.00 0.00 0.00 0.00 0.00 0.00 0.00 0.00 0.00 0.00 0.00 0.00 0.00 0.00 0.00 0.00 0.00 0.00 0.00 0.00 0.00 0.00 0.00 0.00 0.00 0.00 0.00 0.00 0.00 0.00 0.00 0.00 0.00 0.00 0.00 0.00 0.00 0.00
hyperparams/tune-2018-01-18-08-55-07/train-1-0.04-0.9-0.98-1e-12-16000-2000-1024-4-8-64-256-256-256-256-True-1.25.log 0.24 11.84 19.29 25.28 30.72 33.70 37.14 38.98 41.95 43.97 45.48 46.12 47.65 48.56 49.46 49.93 50.52 51.57 51.30 52.50 53.32 53.51 54.37 54.57 54.99 55.13 55.58 55.84 56.75 57.25 57.48 57.68 58.10 57.96 58.29 58.95 59.10 59.33 59.52 59.88 59.68 59.96 60.13 60.54
hyperparams/tune-2018-01-18-08-55-07/train-1-0.04-0.9-0.98-1e-12-16000-2000-1024-4-8-64-256-256-256-256-True-1.5.log 0.00 13.45 18.33 25.99 32.72 36.03 38.18 41.04 43.28 45.40 45.68 47.82 48.60 50.59 51.52 52.14 52.84 54.68 55.57 56.48 55.83 58.02 57.91 58.52 58.01 60.02 60.67 60.20 60.46 61.49 62.34 62.05 62.68 62.05 63.48 64.30 64.48 64.29 65.27 64.62 0.00 65.75 66.27 66.76 65.53 67.14 67.22 67.30
hyperparams/tune-2018-01-18-08-55-07/train-1-0.04-0.9-0.98-1e-12-16000-2000-1024-4-8-64-256-256-256-256-True-1.75.log 0.00 0.00 0.00 0.00 9.79 13.61 15.43 16.33 17.05 18.98 21.25 23.17 25.64 27.63 29.22 30.78 32.16 33.46 34.39 35.92 36.59 37.48 38.47 39.64 39.73 41.09 0.00 42.28 43.09 44.09 44.31 44.96 45.54 0.00 46.85 0.00 47.42 48.48 48.81 49.20 50.05 50.25 50.79 51.05 51.53 51.80 52.39
hyperparams/tune-2018-01-18-08-55-07/train-1-0.04-0.9-0.98-1e-12-2000-1000-1024-4-8-64-256-256-256-256-True-0.75.log 0.00 0.00 0.00 0.00 0.00 0.00 0.00 0.00 0.00 0.00 0.00 0.00 0.00 0.00 0.00 0.00 0.00 0.00 0.00 0.00 0.00 0.00 0.00 0.00 0.00 0.00 0.00 0.00 0.00 0.00 0.00 0.00 0.00 0.00 0.00 0.00 0.00 0.00 0.00 0.00 0.00 0.00 0.00 0.00 0.00 0.00 0.00 0.00 0.00 0.00 0.00 0.00 0.00 0.00 0.00 0.00 0.00 0.00 0.00 0.00 0.00 0.00 0.00
hyperparams/tune-2018-01-18-08-55-07/train-1-0.04-0.9-0.98-1e-12-2000-1000-1024-4-8-64-256-256-256-256-True-1.0.log 0.00 0.00 0.00 0.00 0.00 0.00 0.00 0.00 0.00 0.00 0.00 0.00 0.00 0.00 0.00 0.00 0.00 0.00 0.00 0.00 0.00 0.00 0.00 0.00 0.00 0.00 0.00 0.00 0.00 0.00 0.00 0.00 0.00 0.00 0.00 0.00 0.00 0.00 0.00 0.00 0.00 0.00 0.00 0.00 0.00 0.00 0.00 0.00 0.00 0.00 0.00 0.00 0.00 0.00 0.00 0.00 0.00 0.00 0.00 0.00 0.00
hyperparams/tune-2018-01-18-08-55-07/train-1-0.04-0.9-0.98-1e-12-2000-1000-1024-4-8-64-256-256-256-256-True-1.25.log
hyperparams/tune-2018-01-18-08-55-07/train-1-0.04-0.9-0.98-1e-12-2000-1000-1024-4-8-64-256-256-256-256-True-1.5.log 17.04 28.67 29.76 33.45 36.03 38.25 40.99 41.89 43.53 45.50 47.02 49.02 49.60 51.00 52.07 52.54 51.76 53.04 53.99 54.50 55.32 55.64 55.30 56.88 56.29 56.91 57.37 57.00 57.43 58.10 58.18 58.56 0.00 0.00 60.26 59.42 60.28 59.80 59.76 60.80 60.84 60.60 60.60 61.48 61.16 61.75 61.96 61.48 62.01 62.22 62.63 0.00 62.95 0.00 61.94 0.00 0.00 0.00 0.00 0.00 0.00 63.99
hyperparams/tune-2018-01-18-08-55-07/train-1-0.04-0.9-0.98-1e-12-2000-1000-1024-4-8-64-256-256-256-256-True-1.75.log 0.00 1.05 8.03 11.77 12.79 17.12 17.59 21.78 22.70 26.08 27.95 28.42 29.97 31.28 32.71 31.65 35.44 35.46 36.83 37.74 39.78 40.23 41.81 42.10 42.89 43.60 43.76 44.26 45.40 46.00 46.34 46.57 47.54 47.10 47.43 47.62 48.07 48.27 49.30 49.43 49.47 49.50 50.17 50.40 50.87 50.65 50.48 50.90 51.26 51.44 51.58 52.02 52.01 51.95 52.29 52.45 52.68 52.82 53.29 53.13 53.17 53.15
hyperparams/tune-2018-01-18-08-55-07/train-1-0.04-0.9-0.98-1e-12-2000-1500-1024-4-8-64-256-256-256-256-True-0.75.log 0.00 0.00 0.00 0.00 0.00 0.00 0.00 0.00 0.00 0.00 0.00 0.00 0.00 0.00 0.00 0.00 0.00 0.00 0.00 0.00 0.00 0.00 0.00 0.00 0.00 0.00 0.00 0.00 0.00 0.00 0.00 0.00 0.00 0.00 0.00 0.00 0.00 0.00 0.00 0.00 0.00 0.00 0.00 0.00 0.00 0.00 0.00 0.00 0.00 0.00 0.00 0.00 0.00 0.00 0.00
hyperparams/tune-2018-01-18-08-55-07/train-1-0.04-0.9-0.98-1e-12-2000-1500-1024-4-8-64-256-256-256-256-True-1.0.log 0.00 0.00 0.00 0.00 0.00 0.00 0.00 0.00 0.00 0.00 0.00 0.00 0.00 0.00 0.00 0.00 0.00 0.00 0.00 0.00 0.00 0.00 0.00 0.00 0.00 0.00 0.00 0.00 0.00 0.00 0.00 0.00 0.00 0.00 0.00 0.00 0.00 0.00 0.00 0.00 0.00 0.00 0.00 0.00 0.00 0.00 0.00 0.00 0.00 0.00 0.00 0.00 0.00 0.00 0.00 0.00
hyperparams/tune-2018-01-18-08-55-07/train-1-0.04-0.9-0.98-1e-12-2000-1500-1024-4-8-64-256-256-256-256-True-1.25.log 0.00 0.00 0.00 0.00 0.00 0.00 0.00 0.00 0.00 0.00 0.00 0.00 0.00 0.00 0.00 0.00 0.00 0.00 0.00 0.00 0.00 0.00 0.00 0.00 0.00 0.00 0.00 0.00 0.00 0.00 0.00 0.00 0.00 0.00 0.00 0.00 0.00 0.00 0.00 0.00 0.00 0.00 0.00 0.00 0.00 0.00 0.00 0.00 0.00 0.00 0.00 0.00 0.00 0.00 0.00
hyperparams/tune-2018-01-18-08-55-07/train-1-0.04-0.9-0.98-1e-12-2000-1500-1024-4-8-64-256-256-256-256-True-1.5.log 20.34 0.00 36.16 39.25 41.79 45.82 47.18 50.02 50.82 52.59 52.15 53.78 55.28 55.30 56.10 58.24 57.39 58.69 59.61 59.60 60.62 60.69 60.55 61.51 62.20 62.10 62.08 62.02 62.74 62.52 62.74 63.71 63.88 63.70 64.30 64.39 64.48 65.02 65.09 65.24 64.77 66.03 0.00 65.91 65.57 65.55 66.18 66.15 0.00 66.79 66.36 66.17
hyperparams/tune-2018-01-18-08-55-07/train-1-0.04-0.9-0.98-1e-12-2000-1500-1024-4-8-64-256-256-256-256-True-1.75.log 0.00 0.64 9.45 11.77 12.69 18.01 21.26 25.47 27.62 28.13 30.57 33.64 35.41 36.53 38.74 38.87 41.25 42.90 43.68 44.59 45.16 46.11 47.36 47.86 47.61 48.76 48.86 49.77 50.19 49.98 50.82 51.56 50.67 52.18 51.86 52.55 52.90 52.49 53.30 53.73 53.90 53.75 54.16 54.55 54.87 54.70 55.27 54.86 55.66 55.63 55.90 55.92 56.13
hyperparams/tune-2018-01-18-08-55-07/train-1-0.04-0.9-0.98-1e-12-2000-2000-1024-4-8-64-256-256-256-256-True-0.75.log 0.00 0.00 0.00 0.00 0.00 0.00 0.00 0.00 0.00 0.00 0.00 0.00 0.00 0.00 0.00 0.00 0.00 0.00 0.00 0.00 0.00 0.00 0.00 0.00 0.00 0.00 0.00 0.00 0.00 0.00 0.00 0.00 0.00 0.00 0.00 0.00 0.00 0.00 0.00 0.00 0.00 0.00 0.00 0.00 0.00 0.00 0.00 0.00 0.00
hyperparams/tune-2018-01-18-08-55-07/train-1-0.04-0.9-0.98-1e-12-2000-2000-1024-4-8-64-256-256-256-256-True-1.0.log 0.00 0.00 0.00 0.00 0.00 0.00 0.00 0.00 0.00 0.00 0.00 0.00 0.00 0.00 0.00 0.00 0.00 0.00 0.00 0.00 0.00 0.00 0.00 0.00 0.00 0.00 0.00 0.00 0.00 0.00 0.00 0.00 0.00 0.00 0.00 0.00 0.00 0.00 0.00 0.00 0.00 0.00 0.00 0.00 0.00 0.00 0.00 0.00 0.00
hyperparams/tune-2018-01-18-08-55-07/train-1-0.04-0.9-0.98-1e-12-2000-2000-1024-4-8-64-256-256-256-256-True-1.25.log 13.16 0.00 0.00 0.00 0.00 0.00 0.00 0.00 0.00 0.00 0.00 0.00 0.00 0.00 0.00 0.00 0.00 0.00 0.00 0.00 0.00 0.00 0.00 0.00 0.00 0.00 0.00 0.00 0.00 0.00 0.00 0.00 0.00 0.00 0.00 0.00 0.00 0.00 0.00 0.00 0.00 0.00 0.00 0.00 0.00 0.00 0.00 0.00 0.00 0.00
hyperparams/tune-2018-01-18-08-55-07/train-1-0.04-0.9-0.98-1e-12-2000-2000-1024-4-8-64-256-256-256-256-True-1.5.log 21.09 32.50 38.50 40.01 43.33 48.27 49.64 51.94 53.65 54.92 55.91 57.13 57.86 57.52 59.09 59.97 60.33 60.65 62.03 62.00 62.42 62.52 62.95 63.49 63.54 64.55 64.79 64.63 0.00 64.46 65.10 65.32 65.63 66.18 65.97 65.95 65.79 66.81 66.33 0.00 0.00 0.00 0.00 67.11 0.00 67.61 67.71 67.29
hyperparams/tune-2018-01-18-08-55-07/train-1-0.04-0.9-0.98-1e-12-2000-2000-1024-4-8-64-256-256-256-256-True-1.75.log 7.73 19.87 29.06 35.96 40.54 43.20 46.11 47.61 48.28 49.87 50.59 53.58 53.86 54.24 55.17 57.86 57.76 58.92 59.95 60.67 60.74 61.85 62.00 62.08 63.26 63.54 64.14 64.32 64.61 65.16 64.92 65.69 65.76 65.98 66.12 66.61 66.88 67.30 66.84 67.56 67.86 67.56 67.63 68.07 68.33 68.30 68.34 68.44
hyperparams/tune-2018-01-18-08-55-07/train-1-0.04-0.9-0.98-1e-12-4000-1000-1024-4-8-64-256-256-256-256-True-0.75.log 0.00 0.00 0.00 0.00 0.00 0.00 0.00 0.00 0.00 0.00 0.00 0.00 0.00 0.00 0.00 0.00 0.00 0.00 0.00 0.00 0.00 0.00 0.00 0.00 0.00 0.00 0.00 0.00 0.00 0.00 0.00 0.00 0.00 0.00 0.00 0.00 0.00 0.00 0.00 0.00 0.00 0.00 0.00 0.00 0.00 0.00 0.00 0.00 0.00 0.00 0.00 0.00 0.00 0.00 0.00 0.00 0.00 0.00 0.00 0.00 0.00 0.00
hyperparams/tune-2018-01-18-08-55-07/train-1-0.04-0.9-0.98-1e-12-4000-1000-1024-4-8-64-256-256-256-256-True-1.0.log 0.00 0.00 0.00 0.00 0.00 0.00 0.00 0.00 0.00 0.00 0.00 0.00 0.00 0.00 0.00 0.00 0.00 0.00 0.00 0.00 0.00 0.00 0.00 0.00 0.00 0.00 0.00 0.00 0.00 0.00 0.00 0.00 0.00 0.00 0.00 0.00 0.00 0.00 0.00 0.00 0.00 0.00 0.00 0.00 0.00 0.00 0.00 0.00 0.00 0.00 0.00 0.00 0.00 0.00 0.00 0.00 0.00 0.00 0.00 0.00
hyperparams/tune-2018-01-18-08-55-07/train-1-0.04-0.9-0.98-1e-12-4000-1000-1024-4-8-64-256-256-256-256-True-1.25.log 12.20 17.62 13.31 3.78 4.70 0.00 4.57 0.00 0.00 0.00 0.00 0.00 0.00 0.00 0.00 0.00 0.00 0.00 0.00 0.00 0.00 0.00 0.00 0.00 0.00 0.00 0.00 0.00 0.00 0.00 0.00 0.42 0.19 0.00 0.00 0.00 0.00 0.00 0.00 0.00 0.00 0.00 0.00 0.00 0.00 0.00 0.00 0.00 0.00 0.00 0.00 0.00 0.00 0.00 0.00 0.00 0.00 0.00 0.00 0.00 0.00 0.00 0.00
hyperparams/tune-2018-01-18-08-55-07/train-1-0.04-0.9-0.98-1e-12-4000-1000-1024-4-8-64-256-256-256-256-True-1.5.log 0.00 6.24 12.51 14.76 16.62 16.09 20.69 26.53 26.90 29.15 31.07 32.50 33.91 36.90 38.88 39.30 41.03 42.04 42.06 42.87 43.49 44.81 45.08 45.35 46.41 45.66 47.07 46.82 47.92 47.88 48.66 48.71 48.88 49.07 49.19 50.07 50.00 49.97 51.27 51.03 0.00 50.75 51.84 52.11 52.54 52.09 52.72 0.00 0.00 53.44 52.54 53.07 53.39 0.00 53.56 0.00 54.02 54.11 54.53 0.00 54.67 0.00 54.93
hyperparams/tune-2018-01-18-08-55-07/train-1-0.04-0.9-0.98-1e-12-4000-1000-1024-4-8-64-256-256-256-256-True-1.75.log 0.00 2.23 15.20 18.45 23.58 28.40 31.71 34.27 37.32 0.00 41.04 41.85 43.69 43.60 45.23 46.12 47.19 48.09 48.89 49.83 50.29 51.36 52.28 51.60 53.12 53.33 53.94 54.38 54.56 55.88 55.45 55.53 55.86 57.79 57.15 58.00 58.23 58.76 58.97 59.67 59.14 60.04 60.40 60.20 61.33 61.70 61.48 61.16 61.60 62.30 62.30 62.86 63.39 62.96 63.73 63.68 63.96 63.52 63.81 64.25 64.59 64.49 64.13 65.02 65.30
hyperparams/tune-2018-01-18-08-55-07/train-1-0.04-0.9-0.98-1e-12-4000-1500-1024-4-8-64-256-256-256-256-True-0.75.log 0.00 0.00 0.00 0.00 0.00 0.00 0.00 0.00 0.00 0.00 0.00 0.00 0.00 0.00 0.00 0.00 0.00 0.00 0.00 0.00 0.00 0.00 0.00 0.00 0.00 0.00 0.00 0.00 0.00 0.00 0.00 0.00 0.00 0.00 0.00 0.00 0.00 0.00 0.00 0.00 0.00 0.00 0.00 0.00 0.00 0.00 0.00 0.00 0.00 0.00 0.00 0.00 0.00 0.00 0.00
hyperparams/tune-2018-01-18-08-55-07/train-1-0.04-0.9-0.98-1e-12-4000-1500-1024-4-8-64-256-256-256-256-True-1.0.log 0.00 0.00 0.00 0.00 0.00 0.00 0.00 0.00 0.00 0.00 0.00 0.00 0.00 0.00 0.00 0.00 0.00 0.00 0.00 0.00 0.00 0.00 0.00 0.00 0.00 0.00 0.00 0.00 0.00 0.00 0.00 0.00 0.00 0.00 0.00 0.00 0.00 0.00 0.00 0.00 0.00 0.00 0.00 0.00 0.00 0.00 0.00 0.00 0.00 0.00 0.00 0.00 0.00 0.00 0.00
hyperparams/tune-2018-01-18-08-55-07/train-1-0.04-0.9-0.98-1e-12-4000-1500-1024-4-8-64-256-256-256-256-True-1.25.log 15.33 16.28 24.95 26.77 26.39 30.28 29.86 30.82 31.00 31.51 32.75 31.68 32.61 33.03 34.04 34.68 34.61 34.82 35.24 35.31 35.96 36.23 36.84 37.29 37.65 37.64 36.90 37.51 38.28 38.13 38.85 38.46 39.29 39.17 40.00 40.06 40.03 39.03 40.51 40.67 40.56 40.81 40.88 40.33 40.75 41.39 41.16 41.62 41.43 41.65 41.63 41.59 42.37 42.54
hyperparams/tune-2018-01-18-08-55-07/train-1-0.04-0.9-0.98-1e-12-4000-1500-1024-4-8-64-256-256-256-256-True-1.5.log 13.41 27.82 34.83 38.90 42.12 44.27 46.03 45.17 48.94 50.13 51.94 52.83 55.11 55.66 56.21 57.67 57.80 57.54 58.93 58.92 60.32 60.79 61.57 60.93 60.84 62.09 62.41 62.92 63.33 63.07 63.76 63.95 64.08 64.76 64.94 64.84 65.16 64.90 65.15 65.96 66.03 66.08 0.00 66.11 66.39 66.12 67.21 66.58 66.92 67.62 67.12 67.28 67.24 0.00
hyperparams/tune-2018-01-18-08-55-07/train-1-0.04-0.9-0.98-1e-12-4000-1500-1024-4-8-64-256-256-256-256-True-1.75.log 0.00 0.00 0.68 5.50 9.96 13.69 14.48 16.23 17.49 20.82 24.80 27.23 30.36 32.05 34.77 35.64 36.32 38.58 39.26 40.21 40.44 41.72 43.07 43.48 43.41 43.71 45.31 45.49 45.29 46.41 46.22 46.17 47.80 48.91 48.88 49.69 49.64 49.70 50.81 51.60 52.10 52.25 52.42 53.12 52.87 53.48 54.00 53.32 53.90 54.72 54.99 55.24 55.28 55.62
hyperparams/tune-2018-01-18-08-55-07/train-1-0.04-0.9-0.98-1e-12-4000-2000-1024-4-8-64-256-256-256-256-True-0.75.log 0.00 0.00 0.00 0.00 0.00 0.00 0.00 0.00 0.00 0.00 0.00 0.00 0.00 0.00 0.00 0.00 0.00 0.00 0.00 0.00 0.00 0.00 0.00 0.00 0.00 0.00 0.00 0.00 0.00 0.00 0.00 0.00 0.00 0.00 0.00 0.00 0.00 0.00 0.00 0.00 0.00 0.00 0.00 0.00 0.00 0.00 0.00 0.00 0.00
hyperparams/tune-2018-01-18-08-55-07/train-1-0.04-0.9-0.98-1e-12-4000-2000-1024-4-8-64-256-256-256-256-True-1.0.log 0.00 0.00 0.00 0.00 0.00 0.00 0.00 0.00 0.00 0.00 0.00 0.00 0.00 0.00 0.00 0.00 0.00 0.00 0.00 0.00 0.00 0.00 0.00 0.00 0.00 0.00 0.00 0.00 0.00 0.00 0.00 0.00 0.00 0.00 0.00 0.00 0.00 0.00 0.00 0.00 0.00 0.00 0.00 0.00 0.00 0.00 0.00 0.00 0.00 0.00
hyperparams/tune-2018-01-18-08-55-07/train-1-0.04-0.9-0.98-1e-12-4000-2000-1024-4-8-64-256-256-256-256-True-1.25.log 18.48 27.17 36.33 42.03 41.39 46.36 49.02 50.61 52.13 53.35 54.67 54.99 56.53 56.96 56.69 58.37 58.09 59.25 59.80 59.79 0.00 60.20 60.74 60.95 0.00 0.00 0.00 0.00 62.59 0.00 63.32 64.17 0.00 0.00 0.00 64.34 64.80 0.00 0.00 0.00 0.00 0.00 65.63 0.00 0.00 0.00 0.00 0.00
hyperparams/tune-2018-01-18-08-55-07/train-1-0.04-0.9-0.98-1e-12-4000-2000-1024-4-8-64-256-256-256-256-True-1.5.log 13.82 27.71 34.75 40.60 43.99 45.89 47.00 48.30 50.01 51.49 54.76 55.82 56.59 56.53 58.15 58.86 59.79 60.87 60.98 61.69 61.77 61.94 63.39 63.72 63.98 62.97 64.19 65.25 64.28 0.00 65.25 65.70 65.69 0.00 66.29 65.86 0.00 66.53 67.47 0.00 0.00 67.34 67.67 67.85 67.96
hyperparams/tune-2018-01-18-08-55-07/train-1-0.04-0.9-0.98-1e-12-4000-2000-1024-4-8-64-256-256-256-256-True-1.75.log 0.00 0.00 0.17 2.52 10.14 15.05 17.69 20.14 22.31 24.75 27.14 29.55 31.24 33.11 34.20 36.23 38.34 38.57 39.90 40.85 41.76 43.26 44.56 44.59 45.49 47.52 46.93 47.02 48.30 47.86 49.45 49.96 50.92 50.99 51.92 52.10 52.51 53.88 54.16 54.16 55.18 55.83 56.13 55.38 55.98 56.20
hyperparams/tune-2018-01-18-08-55-07/train-1-0.04-0.9-0.98-1e-12-8000-1000-1024-4-8-64-256-256-256-256-True-0.75.log 0.00 0.00 0.00 0.00 0.00 0.00 0.00 0.00 0.00 0.00 0.00 0.00 0.00 0.00 0.00 0.00 0.00 0.00 0.00 0.00 0.00 0.00 0.00 0.00 0.00 0.00 0.00 0.00 0.00 0.00 0.00 0.00 0.00 0.00 0.00 0.00 0.00 0.00 0.00 0.00 0.00 0.00 0.00 0.00 0.00 0.00 0.00 0.00 0.00 0.00 0.00 0.00 0.00 0.00 0.00 0.00 0.00 0.00 0.00 0.00 0.00 0.00 0.00 0.00
hyperparams/tune-2018-01-18-08-55-07/train-1-0.04-0.9-0.98-1e-12-8000-1000-1024-4-8-64-256-256-256-256-True-1.0.log 0.00 0.00 0.00 0.00 0.00 0.00 0.00 0.00 0.00 0.00 0.00 0.00 0.00 0.00 0.00 0.00 0.00 0.00 0.00 0.00 0.00 0.00 0.00 0.00 0.00 0.00 0.00 0.00 0.00 0.00 0.00 0.00 0.00 0.00 0.00 0.00 0.00 0.00 0.00 0.00 0.00 0.00 0.00 0.00 0.00 0.00 0.00 0.00 0.00 0.00 0.00 0.00 0.00 0.00 0.00 0.00 0.00 0.00 0.00 0.00 0.00 0.00 0.00
hyperparams/tune-2018-01-18-08-55-07/train-1-0.04-0.9-0.98-1e-12-8000-1000-1024-4-8-64-256-256-256-256-True-1.25.log 16.93 23.39 30.50 31.41 35.04 36.48 40.15 41.44 43.43 45.13 47.27 48.30 49.68 49.78 50.48 51.68 52.21 52.51 53.60 54.25 54.75 54.78 55.01 55.42 55.71 56.24 57.13 57.00 0.00 58.25 58.38 57.71 58.18 58.65 59.27 59.00 59.84 59.88 0.00 60.16 59.79 61.17 60.97 0.00 60.68 0.00 61.29 0.00 62.18 61.74 61.96 61.65 0.00 0.00 0.00 62.36 62.97 0.00 0.00 0.00 63.09 0.00
hyperparams/tune-2018-01-18-08-55-07/train-1-0.04-0.9-0.98-1e-12-8000-1000-1024-4-8-64-256-256-256-256-True-1.5.log 0.00 16.99 23.17 30.44 0.00 0.00 39.41 40.13 42.76 44.65 45.59 46.97 47.68 48.91 49.11 49.98 50.66 52.70 51.66 53.82 53.87 54.63 55.34 55.27 57.10 56.86 57.09 58.34 58.05 58.70 59.18 59.80 59.38 59.80 60.78 61.44 61.09 61.39 61.66 62.44 62.56 62.33 63.09 62.37 62.29 63.21 63.62 63.60 63.42 63.84 63.49 63.87 0.00 64.53 64.26 64.75 65.10 65.54 64.50 65.66 65.27
hyperparams/tune-2018-01-18-08-55-07/train-1-0.04-0.9-0.98-1e-12-8000-1000-1024-4-8-64-256-256-256-256-True-1.75.log 0.00 0.00 0.00 14.11 16.38 19.43 22.25 24.88 28.02 31.08 33.22 34.31 0.00 0.00 0.00 0.00 40.92 41.52 42.90 43.30 44.62 45.10 45.58 46.35 47.04 47.83 48.12 49.26 49.91 50.49 50.56 51.15 52.12 51.42 53.05 53.16 53.44 54.47 54.31 53.99 54.95 55.14 56.51 56.46 56.13 57.83 57.13 57.81 58.19 57.52 58.22 58.34 58.80 59.68 59.58 59.52 60.11 60.39 60.39 60.67
hyperparams/tune-2018-01-18-08-55-07/train-1-0.04-0.9-0.98-1e-12-8000-1500-1024-4-8-64-256-256-256-256-True-0.75.log 0.00 0.00 0.00 0.00 0.00 0.00 0.00 0.00 0.00 0.00 0.00 0.00 0.00 0.00 0.00 0.00 0.00 0.00 0.00 0.00 0.00 0.00 0.00 0.00 0.00 0.00 0.00 0.00 0.00 0.00 0.00 0.00 0.00 0.00 0.00 0.00 0.00 0.00 0.00 0.00 0.00 0.00 0.00 0.00 0.00 0.00 0.00 0.00 0.00 0.00 0.00 0.00 0.00 0.00
hyperparams/tune-2018-01-18-08-55-07/train-1-0.04-0.9-0.98-1e-12-8000-1500-1024-4-8-64-256-256-256-256-True-1.0.log 0.00 0.00 0.00 0.00 0.00 0.00 0.00 0.00 0.00 0.00 0.00 0.00 0.00 0.00 0.00 0.00 0.00 0.00 0.00 0.00 0.00 0.00 0.00 0.00 0.00 0.00 0.00 0.00 0.00 0.00 0.00 0.00 0.00 0.00 0.00 0.00 0.00 0.00 0.00 0.00 0.00 0.00 0.00 0.00 0.00 0.00 0.00 0.00 0.00 0.00 0.00 0.00 0.00 0.00 0.00 0.00
hyperparams/tune-2018-01-18-08-55-07/train-1-0.04-0.9-0.98-1e-12-8000-1500-1024-4-8-64-256-256-256-256-True-1.25.log 4.75 8.71 12.23 15.39 17.21 20.11 22.57 24.53 26.87 28.72 29.68 31.56 34.03 33.45 34.96 36.32 36.64 38.06 39.29 39.40 40.19 40.90 0.00 41.65 43.34 43.41 43.26 44.34 0.00 46.28 46.90 47.14 47.37 47.96 48.37 0.00 48.23 49.72 49.69 49.61 0.00 49.84 50.20 51.08 0.00 50.53 51.51 51.58 0.00 0.00 51.86 0.00 0.00 0.00 52.90
hyperparams/tune-2018-01-18-08-55-07/train-1-0.04-0.9-0.98-1e-12-8000-1500-1024-4-8-64-256-256-256-256-True-1.5.log 0.00 0.38 5.31 11.69 16.96 21.15 24.50 25.42 29.49 31.66 34.30 35.51 37.02 38.09 40.26 40.84 42.31 43.70 45.52 46.39 47.46 47.67 47.87 48.77 49.42 49.34 50.74 50.58 50.96 52.34 52.23 52.94 53.58 53.32 53.84 54.17 54.79 55.16 55.58 55.80 56.03 56.30 56.75 56.92 57.02 57.45 57.40 57.71 57.75 58.24 58.06 58.51 58.60 58.82 59.07
hyperparams/tune-2018-01-18-08-55-07/train-1-0.04-0.9-0.98-1e-12-8000-1500-1024-4-8-64-256-256-256-256-True-1.75.log 0.00 0.00 0.11 7.38 11.45 15.84 17.97 20.04 22.63 26.71 29.93 0.00 35.21 0.00 0.00 39.92 41.05 42.34 43.17 44.48 0.00 46.07 47.07 47.99 48.07 49.82 50.21 50.28 51.43 52.50 53.46 53.22 53.95 54.82 55.06 55.79 56.52 56.45 56.37 57.44 57.86 58.74 58.27 58.79 58.97 59.56 59.96 59.57 60.26 60.01 61.04 60.86 60.34 61.57 62.33
hyperparams/tune-2018-01-18-08-55-07/train-1-0.04-0.9-0.98-1e-12-8000-2000-1024-4-8-64-256-256-256-256-True-0.75.log 0.00 0.00 0.00 0.00 0.00 0.00 0.00 0.00 0.00 0.00 0.00 0.00 0.00 0.00 0.00 0.00 0.00 0.00 0.00 0.00 0.00 0.00 0.00 0.00 0.00 0.00 0.00 0.00 0.00 0.00 0.00 0.00 0.00 0.00 0.00 0.00 0.00 0.00 0.00 0.00 0.00 0.00 0.00 0.00 0.00 0.00 0.00 0.00 0.00 0.00
hyperparams/tune-2018-01-18-08-55-07/train-1-0.04-0.9-0.98-1e-12-8000-2000-1024-4-8-64-256-256-256-256-True-1.0.log 0.00 0.00 0.00 0.00 0.00 0.00 0.00 0.00 0.00 0.00 0.00 0.00 0.00 0.00 0.00 0.00 0.00 0.00 0.00 0.00 0.00 0.00 0.00 0.00 0.00 0.00 0.00 0.00 0.00 0.00 0.00 0.00 0.00 0.00 0.00 0.00 0.00 0.00 0.00 0.00 0.00 0.00 0.00 0.00 0.00 0.00 0.00 0.00
hyperparams/tune-2018-01-18-08-55-07/train-1-0.04-0.9-0.98-1e-12-8000-2000-1024-4-8-64-256-256-256-256-True-1.25.log 21.75 35.76 37.53 40.35 45.26 48.79 50.31 52.99 54.21 55.55 56.34 57.76 58.30 58.75 59.11 60.65 61.05 61.81 62.28 61.85 62.61 63.29 0.00 64.12 63.92 64.84 64.48 65.49 65.61 65.44 65.40 66.28 65.97 0.00 0.00 66.75 67.26 66.79 67.43 0.00 0.00 67.35 67.69 68.16 68.25 68.14 68.15 68.33 68.28 68.59
hyperparams/tune-2018-01-18-08-55-07/train-1-0.04-0.9-0.98-1e-12-8000-2000-1024-4-8-64-256-256-256-256-True-1.5.log 0.00 18.90 26.66 0.00 38.37 40.83 0.00 45.44 47.06 47.99 50.79 51.90 52.65 53.27 53.89 56.39 56.40 57.09 58.41 58.12 59.66 60.52 61.00 61.27 61.63 62.81 62.90 62.54 63.54 63.65 64.20 63.95 64.51 64.92 64.56 65.73 65.85 66.25 66.16 65.82 67.05 66.66 66.55 67.22 67.44 67.04 67.35 0.00 0.00 0.00
hyperparams/tune-2018-01-18-08-55-07/train-1-0.04-0.9-0.98-1e-12-8000-2000-1024-4-8-64-256-256-256-256-True-1.75.log 0.00 0.00 5.92 10.07 14.47 18.09 21.00 23.16 25.55 28.14 30.71 32.79 34.45 35.65 37.10 38.70 39.90 0.00 41.69 43.29 43.46 44.92 45.63 46.45 47.55 47.85 48.30 49.23 49.95 50.53 51.19 51.99 52.43 52.87 53.26 54.14 54.00 54.86 55.51 55.59 55.88 56.99 56.74 57.94 57.88 58.05 58.88 58.70 58.91 59.44
hyperparams/tune-2018-01-18-08-55-07/train-1-0.08-0.9-0.98-1e-12-16000-1000-1024-4-8-64-256-256-256-256-True-0.75.log 0.00 0.00 0.00 0.00 0.00 0.00 0.00 0.00 0.00 0.00 0.00 0.00 0.00 0.00 0.00 0.00 0.00 0.00 0.00 0.00 0.00 0.00 0.00 0.00 0.00 0.00 0.00 0.00 0.00 0.00 0.00 0.00 0.00 0.00 0.00 0.00 0.00 0.00 0.00 0.00 0.00 0.00 0.00 0.00 0.00 0.00 0.00 0.00 0.00 0.00 0.00 0.00 0.00 0.00 0.00 0.00 0.00 0.00 0.00 0.00 0.00 0.00 0.00
hyperparams/tune-2018-01-18-08-55-07/train-1-0.08-0.9-0.98-1e-12-16000-1000-1024-4-8-64-256-256-256-256-True-1.0.log 0.00 0.00 0.00 0.00 0.00 0.00 0.00 0.00 0.00 0.00 0.00 0.00 0.00 0.00 0.00 0.00 0.00 0.00 0.00 0.00 0.00 0.00 0.00 0.00 0.00 0.00 0.00 0.00 0.00 0.00 0.00 0.00 0.00 0.00 0.00 0.00 0.00 0.00 0.00 0.00 0.00 0.00 0.00 0.00 0.00 0.00 0.00 0.00 0.00 0.00 0.00 0.00 0.00 0.00 0.00 0.00 0.00 0.00 0.00 0.00 0.00 0.00
hyperparams/tune-2018-01-18-08-55-07/train-1-0.08-0.9-0.98-1e-12-16000-1000-1024-4-8-64-256-256-256-256-True-1.25.log 17.78 25.76 34.31 31.93 31.45 31.65 28.39 25.41 17.63 13.12 12.05 6.57 5.42 5.87 4.89 6.29 3.49 0.07 0.00 0.31 0.99 0.00 0.00 0.00 0.00 0.00 0.00 0.00 0.00 0.00 0.00 0.00 0.00 0.00 0.00 0.00 0.00 0.00 0.00 0.00 0.00 0.00 0.00 0.00 0.00 0.00 0.00 0.00 0.00 0.00 0.00 0.00 0.00 0.00 0.00 0.00 0.00 0.00 0.00 0.00 0.00 0.00 0.00 0.00
hyperparams/tune-2018-01-18-08-55-07/train-1-0.08-0.9-0.98-1e-12-16000-1000-1024-4-8-64-256-256-256-256-True-1.5.log 0.00 0.00 0.80 6.44 9.94 12.00 13.54 13.46 15.78 18.03 22.04 23.56 28.17 28.57 30.59 32.31 34.00 34.00 34.56 36.63 37.35 37.60 38.48 39.34 39.56 41.25 40.00 41.13 42.62 43.44 43.97 44.55 44.02 45.41 44.25 45.41 45.84 46.92 45.84 47.57 47.82 48.35 49.88 49.50 49.00 49.63 48.93 50.34 50.29 50.40 50.94 51.60 52.10 52.14 52.34 52.45 52.94 52.95
hyperparams/tune-2018-01-18-08-55-07/train-1-0.08-0.9-0.98-1e-12-16000-1000-1024-4-8-64-256-256-256-256-True-1.75.log 0.00 0.00 0.00 0.00 2.06 11.49 15.46 16.64 17.37 19.63 21.21 23.87 25.92 27.71 28.83 30.20 32.09 33.31 34.71 35.92 36.68 37.38 0.00 39.29 39.93 41.30 41.42 41.97 42.76 43.94 44.36 45.37 46.03 46.51 46.38 47.11 47.78 48.46 48.64 49.49 49.35 49.98 50.84 50.75 51.50 51.50 52.01 52.79 52.99 53.01 53.23 54.06 54.50 54.56 54.28 55.31 55.16 55.62 56.42 56.59 56.70 56.33
hyperparams/tune-2018-01-18-08-55-07/train-1-0.08-0.9-0.98-1e-12-16000-1500-1024-4-8-64-256-256-256-256-True-0.75.log 0.00 0.00 0.00 0.00 0.00 0.00 0.00 0.00 0.00 0.00 0.00 0.00 0.00 0.00 0.00 0.00 0.00 0.00 0.00 0.00 0.00 0.00 0.00 0.00 0.00 0.00 0.00 0.00 0.00 0.00 0.00 0.00 0.00 0.00 0.00 0.00 0.00 0.00 0.00 0.00 0.00 0.00 0.00 0.00 0.00 0.00 0.00 0.00 0.00 0.00 0.00 0.00 0.00 0.00 0.00 0.00
hyperparams/tune-2018-01-18-08-55-07/train-1-0.08-0.9-0.98-1e-12-16000-1500-1024-4-8-64-256-256-256-256-True-1.0.log 0.00 0.00 0.00 0.00 0.00 0.00 0.00 0.00 0.00 0.00 0.00 0.00 0.00 0.00 0.00 0.00 0.00 0.00 0.00 0.00 0.00 0.00 0.00 0.00 0.00 0.00 0.00 0.00 0.00 0.00 0.00 0.00 0.00 0.00 0.00 0.00 0.00 0.00 0.00 0.00 0.00 0.00 0.00 0.00 0.00 0.00 0.00 0.00 0.00 0.00 0.00 0.00 0.00 0.00 0.00
hyperparams/tune-2018-01-18-08-55-07/train-1-0.08-0.9-0.98-1e-12-16000-1500-1024-4-8-64-256-256-256-256-True-1.25.log 0.96 13.90 25.97 33.10 35.20 35.07 36.34 39.74 41.58 43.24 44.76 46.96 48.20 49.63 50.02 50.96 52.22 52.01 53.87 53.87 54.33 54.37 55.59 55.83 56.70 0.00 56.58 56.38 57.32 58.29 58.84 58.85 58.86 59.07 59.27 59.21 0.00 59.75 0.00 0.00 60.51 60.61 60.65 0.00 0.00 0.00 0.00 62.08 61.99 0.00 0.00 0.00 0.00 62.55
hyperparams/tune-2018-01-18-08-55-07/train-1-0.08-0.9-0.98-1e-12-16000-1500-1024-4-8-64-256-256-256-256-True-1.5.log 0.00 0.63 1.60 6.30 14.09 18.67 21.34 23.47 25.81 27.15 29.36 30.62 31.95 33.87 35.18 37.09 37.13 37.75 39.62 41.18 41.44 42.36 43.12 44.26 44.20 44.19 44.03 45.19 46.53 45.73 47.19 47.05 48.19 48.53 47.11 48.90 50.05 50.01 50.92 51.03 50.90 52.21 51.26 51.87 52.50 52.97 53.71 53.75 54.10 54.38 54.01 54.55 54.23 55.49 55.46
hyperparams/tune-2018-01-18-08-55-07/train-1-0.08-0.9-0.98-1e-12-16000-1500-1024-4-8-64-256-256-256-256-True-1.75.log 0.00 0.00 0.00 0.00 0.01 1.67 3.92 6.28 8.65 10.16 11.90 13.40 14.84 16.75 17.78 19.03 20.24 22.17 24.60 25.43 26.79 28.52 29.31 30.34 31.19 32.09 33.13 33.95 34.42 35.52 36.10 36.89 37.72 38.50 38.82 39.60 40.02 40.60 41.43 42.12 41.90 42.55 43.12 43.79 44.13 44.65 45.32 45.19 46.36 46.44 46.53 46.98 47.12 48.15
hyperparams/tune-2018-01-18-08-55-07/train-1-0.08-0.9-0.98-1e-12-16000-2000-1024-4-8-64-256-256-256-256-True-0.75.log 0.00 0.00 0.00 0.00 0.00 0.00 0.00 0.00 0.00 0.00 0.00 0.00 0.00 0.00 0.00 0.00 0.00 0.00 0.00 0.00 0.00 0.00 0.00 0.00 0.00 0.00 0.00 0.00 0.00 0.00 0.00 0.00 0.00 0.00 0.00 0.00 0.00 0.00 0.00 0.00 0.00 0.00 0.00 0.00 0.00 0.00 0.00 0.00 0.00
hyperparams/tune-2018-01-18-08-55-07/train-1-0.08-0.9-0.98-1e-12-16000-2000-1024-4-8-64-256-256-256-256-True-1.0.log 0.00 0.00 0.00 0.00 0.00 0.00 0.00 0.00 0.00 0.00 0.00 0.00 0.00 0.00 0.00 0.00 0.00 0.00 0.00 0.00 0.00 0.00 0.00 0.00 0.00 0.00 0.00 0.00 0.00 0.00 0.00 0.00 0.00 0.00 0.00 0.00 0.00 0.00 0.00 0.00 0.00 0.00 0.00 0.00 0.00 0.00 0.00 0.00 0.00
hyperparams/tune-2018-01-18-08-55-07/train-1-0.08-0.9-0.98-1e-12-16000-2000-1024-4-8-64-256-256-256-256-True-1.25.log 16.71 29.81 36.58 40.60 41.05 39.84 45.04 46.85 48.91 50.69 52.49 52.89 54.64 56.51 57.27 57.30 58.59 57.63 59.67 0.00 60.25 0.00 0.00 61.54 0.00 0.00 0.00 0.00 0.00 0.00 0.00 0.00 64.46 0.00 0.00 0.00 0.00 64.70 0.00 0.00 0.00 0.00 0.00 0.00 0.00 66.26 0.00
hyperparams/tune-2018-01-18-08-55-07/train-1-0.08-0.9-0.98-1e-12-16000-2000-1024-4-8-64-256-256-256-256-True-1.5.log 2.49 7.42 6.70 8.79 13.80 17.49 21.17 25.62 28.94 30.99 33.29 35.45 37.13 38.84 40.25 41.35 41.65 43.80 43.85 45.11 44.71 45.91 47.60 47.15 48.20 48.91 48.94 49.49 49.75 50.33 50.25 51.23 50.71 51.45 52.83 52.56 53.15 53.61 54.16 54.55 55.65 54.98 55.72 55.88 56.13 57.45 56.61
hyperparams/tune-2018-01-18-08-55-07/train-1-0.08-0.9-0.98-1e-12-16000-2000-1024-4-8-64-256-256-256-256-True-1.75.log 0.00 0.00 0.00 5.04 12.91 16.53 18.44 20.78 24.04 27.11 29.60 31.21 33.54 34.38 0.00 37.28 38.07 39.24 40.18 41.22 42.20 43.18 44.10 0.00 45.76 46.56 47.11 47.72 48.77 49.45 49.53 50.44 50.76 51.65 52.65 52.54 53.38 53.42 54.15 54.82 55.21 55.39 55.68 55.98 56.83 56.95 57.55 57.75 58.17 58.91 58.60
hyperparams/tune-2018-01-18-08-55-07/train-1-0.1-0.9-0.98-1e-12-16000-1000-1024-4-8-64-256-256-256-256-True-0.75.log 0.00 0.00 0.00 0.00 0.00 0.00 0.00 0.00 0.00 0.00 0.00 0.00 0.00 0.00 0.00 0.00 0.00 0.00 0.00 0.00 0.00 0.00 0.00 0.00 0.00 0.00 0.00 0.00 0.00 0.00 0.00 0.00 0.00 0.00 0.00 0.00 0.00 0.00 0.00 0.00 0.00 0.00 0.00 0.00 0.00 0.00 0.00 0.00 0.00 0.00 0.00 0.00 0.00 0.00 0.00 0.00 0.00 0.00 0.00 0.00 0.00 0.00 0.00 0.00
hyperparams/tune-2018-01-18-08-55-07/train-1-0.1-0.9-0.98-1e-12-16000-1000-1024-4-8-64-256-256-256-256-True-1.0.log 0.00 0.00 0.00 0.00 0.00 0.00 0.00 0.00 0.00 0.00 0.00 0.00 0.00 0.00 0.00 0.00 0.00 0.00 0.00 0.00 0.00 0.00 0.00 0.00 0.00 0.00 0.00 0.00 0.00 0.00 0.00 0.00 0.00 0.00 0.00 0.00 0.00 0.00 0.00 0.00 0.00 0.00 0.00 0.00 0.00 0.00 0.00 0.00 0.00 0.00 0.00 0.00 0.00 0.00 0.00 0.00 0.00 0.00 0.00 0.00 0.00 0.00 0.00 0.00
hyperparams/tune-2018-01-18-08-55-07/train-1-0.1-0.9-0.98-1e-12-16000-1000-1024-4-8-64-256-256-256-256-True-1.25.log 18.77 26.38 29.77 30.46 28.03 12.02 0.00 0.00 0.00 0.00 0.00 0.00 0.00 0.00 0.00 0.00 0.00 0.00 0.00 0.00 0.00 0.00 0.00 0.00 0.00 0.00 0.00 0.00 0.00 0.00 0.00 0.00 0.00 0.00 0.00 0.00 0.00 0.00 0.00 0.00 0.00 0.00 0.00 0.00 0.00 0.00 0.00 0.00 0.00 0.00 0.00 0.00 0.00 0.00 0.00 0.00 0.00 0.00 0.00 0.00 0.00 0.00 0.00
hyperparams/tune-2018-01-18-08-55-07/train-1-0.1-0.9-0.98-1e-12-16000-1000-1024-4-8-64-256-256-256-256-True-1.5.log 0.00 0.00 1.09 7.23 11.55 12.07 15.60 20.19 24.54 26.48 28.89 31.54 33.02 33.90 34.64 35.66 35.69 37.84 38.99 39.56 40.82 41.59 41.03 42.27 41.81 43.05 43.03 43.56 44.30 44.60 44.11 45.15 45.21 46.34 45.87 46.61 47.71 46.98 48.03 48.76 48.74 48.80 49.35 49.32 50.27 51.84 51.09 0.00 51.83 51.04 52.31 52.36 0.00 53.06 0.00 0.00 53.37 0.00 0.00 0.00 53.88 0.00 0.00
hyperparams/tune-2018-01-18-08-55-07/train-1-0.1-0.9-0.98-1e-12-16000-1000-1024-4-8-64-256-256-256-256-True-1.75.log 0.00 0.00 0.00 0.00 1.24 7.49 9.20 10.71 13.89 16.01 16.91 19.11 21.76 23.66 26.28 29.14 32.04 33.33 34.78 36.88 37.71 39.02 39.61 40.94 41.84 43.25 42.79 44.19 44.72 46.44 46.41 46.88 48.24 48.41 49.39 49.88 49.67 50.25 52.04 51.77 52.00 53.12 52.99 52.89 53.86 54.26 53.96 55.05 55.31 55.85 56.47 56.37 56.07 56.89 57.36 57.17 57.75 57.93 58.19 58.73 58.76
hyperparams/tune-2018-01-18-08-55-07/train-1-0.1-0.9-0.98-1e-12-16000-1500-1024-4-8-64-256-256-256-256-True-0.75.log 0.00 0.00 0.00 0.00 0.00 0.00 0.00 0.00 0.00 0.00 0.00 0.00 0.00 0.00 0.00 0.00 0.00 0.00 0.00 0.00 0.00 0.00 0.00 0.00 0.00 0.00 0.00 0.00 0.00 0.00 0.00 0.00 0.00 0.00 0.00 0.00 0.00 0.00 0.00 0.00 0.00 0.00 0.00 0.00 0.00 0.00 0.00 0.00 0.00 0.00 0.00 0.00 0.00 0.00 0.00 0.00
hyperparams/tune-2018-01-18-08-55-07/train-1-0.1-0.9-0.98-1e-12-16000-1500-1024-4-8-64-256-256-256-256-True-1.0.log 0.00 0.00 0.00 0.00 0.00 0.00 0.00 0.00 0.00 0.00 0.00 0.00 0.00 0.00 0.00 0.00 0.00 0.00 0.00 0.00 0.00 0.00 0.00 0.00 0.00 0.00 0.00 0.00 0.00 0.00 0.00 0.00 0.00 0.00 0.00 0.00 0.00 0.00 0.00 0.00 0.00 0.00 0.00 0.00 0.00 0.00 0.00 0.00 0.00 0.00 0.00 0.00 0.00 0.00
hyperparams/tune-2018-01-18-08-55-07/train-1-0.1-0.9-0.98-1e-12-16000-1500-1024-4-8-64-256-256-256-256-True-1.25.log 19.30 26.01 35.57 35.76 36.50 36.54 35.54 39.96 43.05 44.00 46.26 47.70 48.50 50.05 50.57 51.39 52.84 53.60 54.19 54.31 0.00 55.49 56.16 55.91 55.91 56.76 57.11 57.80 57.06 0.00 0.00 0.00 0.00 0.00 0.00 0.00 0.00 0.00 0.00 0.00 0.00 0.00 0.00 0.00 0.00 0.00 0.00 0.00 0.00 61.51 0.00 0.00 0.00 0.00 0.00
hyperparams/tune-2018-01-18-08-55-07/train-1-0.1-0.9-0.98-1e-12-16000-1500-1024-4-8-64-256-256-256-256-True-1.5.log 0.65 4.05 6.91 11.60 15.83 18.55 24.17 27.30 30.22 31.75 34.19 35.84 38.09 39.53 40.53 41.79 42.42 43.64 44.34 44.32 46.10 46.80 47.96 46.52 47.92 48.55 49.20 49.46 50.37 49.37 50.07 49.44 50.96 51.92 52.76 53.08 53.69 53.45 0.00 54.43 54.65 54.51 0.00 55.86 56.19 57.19 0.00 0.00 0.00 0.00 0.00 57.58 0.00 58.82 0.00
hyperparams/tune-2018-01-18-08-55-07/train-1-0.1-0.9-0.98-1e-12-16000-1500-1024-4-8-64-256-256-256-256-True-1.75.log 0.00 0.00 0.00 3.58 13.13 17.24 18.85 21.22 23.98 26.48 28.40 30.89 32.91 34.93 0.00 37.27 0.00 39.70 40.89 41.34 42.80 43.62 44.55 45.44 45.96 47.02 47.85 48.64 48.56 49.71 49.81 50.35 51.08 51.27 51.53 52.55 52.79 53.53 53.20 54.12 54.61 55.18 54.98 55.94 56.15 56.40 56.93 56.60 57.58 58.09 57.78 58.81 58.56 58.58
hyperparams/tune-2018-01-18-08-55-07/train-1-0.1-0.9-0.98-1e-12-16000-2000-1024-4-8-64-256-256-256-256-True-0.75.log 0.00 0.00 0.00 0.00 0.00 0.00 0.00 0.00 0.00 0.00 0.00 0.00 0.00 0.00 0.00 0.00 0.00 0.00 0.00 0.00 0.00 0.00 0.00 0.00 0.00 0.00 0.00 0.00 0.00 0.00 0.00 0.00 0.00 0.00 0.00 0.00 0.00 0.00 0.00 0.00 0.00 0.00 0.00 0.00 0.00 0.00 0.00
hyperparams/tune-2018-01-18-08-55-07/train-1-0.1-0.9-0.98-1e-12-16000-2000-1024-4-8-64-256-256-256-256-True-1.0.log 0.00 0.00 0.00 0.00 0.00 0.00 0.00 0.00 0.00 0.00 0.00 0.00 0.00 0.00 0.00 0.00 0.00 0.00 0.00 0.00 0.00 0.00 0.00 0.00 0.00 0.00 0.00 0.00 0.00 0.00 0.00 0.00 0.00 0.00 0.00 0.00 0.00 0.00 0.00 0.00 0.00 0.00 0.00 0.00 0.00 0.00 0.00 0.00 0.00 0.00
hyperparams/tune-2018-01-18-08-55-07/train-1-0.1-0.9-0.98-1e-12-16000-2000-1024-4-8-64-256-256-256-256-True-1.25.log 8.24 11.03 12.97 22.74 23.29 18.32 23.30 24.68 25.23 24.24 24.99 28.63 28.71 29.49 31.63 32.30 33.18 33.30 34.75 35.40 36.61 36.66 37.85 38.34 39.18 40.03 41.12 41.90 42.21 43.37 44.00 43.98 44.84 0.00 45.59 45.59 46.18 46.47 47.32 0.00 47.61 47.89 0.00 48.44 0.00 48.96 49.51 0.00 0.00
hyperparams/tune-2018-01-18-08-55-07/train-1-0.1-0.9-0.98-1e-12-16000-2000-1024-4-8-64-256-256-256-256-True-1.5.log 0.00 0.96 8.59 13.91 17.88 22.83 24.53 27.53 31.24 33.02 36.19 38.17 39.38 41.30 41.90 44.08 43.34 45.41 47.02 47.19 47.25 48.86 49.00 50.88 50.30 51.86 51.28 51.95 52.56 53.38 53.56 53.76 53.62 55.07 55.18 55.31 56.56 56.05 57.01 56.35 58.03 58.04 58.11 58.77 59.32 59.63 59.25
hyperparams/tune-2018-01-18-08-55-07/train-1-0.1-0.9-0.98-1e-12-16000-2000-1024-4-8-64-256-256-256-256-True-1.75.log 0.00 0.00 0.00 0.00 1.01 3.86 6.70 9.61 12.28 15.05 16.51 17.55 18.73 20.25 21.83 23.06 24.09 25.77 25.96 27.71 28.03 29.06 30.37 31.70 32.44 33.93 34.98 36.05 36.46 37.28 38.08 37.98 39.65 40.01 40.63 41.08 41.65 41.93 42.90 43.51 43.49 44.20 44.81 45.17 45.17 44.37 46.31 46.25 46.48
hyperparams/tune-2018-01-18-08-55-07/train-2-0.02-0.9-0.98-1e-12-16000-1000-1024-4-8-64-256-256-256-256-True-0.75.log 0.00 0.00 0.00 0.00 0.00 0.00 0.00 0.00 0.00 0.00 0.00 0.00 0.00 0.00 0.00 0.00 0.00 0.00 0.00 0.00 0.00 0.00 0.00 0.00 0.00 0.00 0.00 0.00 0.00 0.00 0.00 0.00 0.00 0.00 0.00 0.00 0.00 0.00 0.00 0.00 0.00 0.00 0.00 0.00 0.00 0.00 0.00 0.00 0.00 0.00 0.00 0.00
hyperparams/tune-2018-01-18-08-55-07/train-2-0.02-0.9-0.98-1e-12-16000-1000-1024-4-8-64-256-256-256-256-True-1.0.log 16.24 24.55 32.54 37.75 40.68 42.31 43.58 46.11 47.96 48.19 49.25 50.95 49.85 52.98 52.50 53.01 53.74 54.36 55.37 55.82 56.43 56.79 57.21 57.57 57.62 57.92 58.15 59.18 59.13 59.15 59.87 59.37 59.43 60.44 60.68 60.75 60.83 61.37 61.39 61.56 61.72 61.91 61.88 62.12 62.65 62.57 62.83 62.60 62.87 62.96 63.37 63.49
hyperparams/tune-2018-01-18-08-55-07/train-2-0.02-0.9-0.98-1e-12-16000-1000-1024-4-8-64-256-256-256-256-True-1.25.log 0.00 4.57 9.83 10.97 17.47 20.03 23.91 25.37 27.53 29.52 32.77 33.76 34.81 36.70 36.14 38.12 39.28 39.98 40.32 41.11 42.03 43.18 44.18 44.04 44.63 45.36 45.88 46.40 46.19 46.99 47.17 47.77 47.90 48.62 48.10 48.37 48.66 49.77 49.35 49.95 50.41 50.25 50.79 51.00 51.42 51.75 51.60 52.11 52.01 51.53 52.02
hyperparams/tune-2018-01-18-08-55-07/train-2-0.02-0.9-0.98-1e-12-16000-1000-1024-4-8-64-256-256-256-256-True-1.5.log 0.00 0.00 0.02 0.69 4.01 8.01 10.08 10.25 11.33 12.12 13.00 13.11 14.59 14.86 16.32 17.44 18.47 20.08 22.88 24.57 27.14 28.79 29.35 30.87 31.60 32.51 33.97 34.59 35.71 36.64 36.79 37.69 38.20 38.93 39.67 40.08 41.44 40.28 41.27 42.49 42.78 42.60 43.03 43.75 44.04 44.31 44.44 45.37 45.46 46.33 46.30
hyperparams/tune-2018-01-18-08-55-07/train-2-0.02-0.9-0.98-1e-12-16000-1000-1024-4-8-64-256-256-256-256-True-1.75.log 0.00 0.00 0.00 0.00 0.00 0.00 0.00 0.00 0.00 0.00 0.00 0.00 0.00 0.01 0.15 0.94 2.03 3.51 4.16 4.87 5.91 6.04 7.35 8.08 8.81 9.45 10.66 11.75 12.34 13.37 13.91 13.61 14.28 15.30 15.24 16.36 16.98 17.43 18.90 19.21 20.17 19.91 20.54 21.97 22.27 22.86 23.76 23.97 24.57 25.43
hyperparams/tune-2018-01-18-08-55-07/train-2-0.02-0.9-0.98-1e-12-16000-1500-1024-4-8-64-256-256-256-256-True-1.5.log 0.00 0.00 0.00 10.87 13.70 16.80 20.66 24.36 27.45 29.85 31.85 34.54 36.44 37.44 38.57 39.89 40.33 42.34 42.75 43.60 44.41 46.15 46.06 46.52 47.62 48.21 49.91 49.43 50.76 51.22 51.78 51.86 52.50 53.12 54.46 54.22 54.75 55.49 55.95 56.21 56.80 57.22 56.69 57.70
hyperparams/tune-2018-01-18-08-55-07/train-2-0.04-0.9-0.98-1e-12-16000-1000-1024-4-8-64-256-256-256-256-True-0.75.log 0.00 0.00 0.00 0.00 0.00 0.00 0.00 0.00 0.00 0.00 0.00 0.00 0.00 0.00 0.00 0.00 0.00 0.00 0.00 0.00 0.00 0.00 0.00 0.00 0.00 0.00 0.00 0.00 0.00 0.00 0.00 0.00 0.00 0.00 0.00 0.00 0.00 0.00 0.00 0.00 0.00 0.00 0.00 0.00 0.00 0.00 0.00 0.00 0.00 0.00
hyperparams/tune-2018-01-18-08-55-07/train-2-0.04-0.9-0.98-1e-12-16000-1000-1024-4-8-64-256-256-256-256-True-1.0.log 0.33 0.00 0.00 0.00 0.00 0.00 0.00 0.00 0.00 0.00 0.00 0.00 0.00 0.00 0.00 0.00 0.00 0.00 0.00 0.00 0.00 0.00 0.00 0.00 0.00 0.00 0.00 0.00 0.00 0.00 0.00 0.00 0.00 0.00 0.00 0.00 0.00 0.00 0.00 0.00 0.00 0.00 0.00 0.00 0.00 0.00 0.00 0.00 0.00 0.00 0.00 0.00 0.00 0.00
hyperparams/tune-2018-01-18-08-55-07/train-2-0.04-0.9-0.98-1e-12-16000-1000-1024-4-8-64-256-256-256-256-True-1.25.log 13.38 21.94 30.34 32.66 35.07 36.07 39.41 40.84 44.65 45.59 46.68 47.12 48.91 50.68 51.34 51.82 52.40 53.17 54.58 55.24 54.87 54.48 55.36 55.88 56.63 56.64 57.75 57.99 57.44 57.67 58.59 58.85 58.25 58.99 59.54 59.97 0.00 60.09 60.20 0.00 61.03 60.85 0.00 61.34 61.52 61.88 61.40 62.35 62.05 61.96 63.07
hyperparams/tune-2018-01-18-08-55-07/train-2-0.04-0.9-0.98-1e-12-16000-1000-1024-4-8-64-256-256-256-256-True-1.5.log 0.00 8.53 15.44 18.87 23.48 27.30 30.04 34.00 35.43 37.22 39.14 41.59 43.06 43.45 44.78 46.02 46.82 46.32 48.29 49.08 48.95 50.07 50.71 51.84 52.45 51.88 53.00 53.28 53.68 54.70 54.70 55.19 54.84 56.34 56.58 57.18 57.13 57.07 57.79 58.77 59.31 60.00 59.94 59.51 59.80 60.05 60.17 61.24 61.45 61.48 61.07
hyperparams/tune-2018-01-18-08-55-07/train-2-0.04-0.9-0.98-1e-12-16000-1000-1024-4-8-64-256-256-256-256-True-1.75.log 0.00 0.00 0.00 0.00 0.00 0.00 3.19 11.81 13.59 14.68 15.48 17.17 17.86 18.91 20.58 22.58 24.11 25.86 26.82 27.91 28.35 29.71 31.19 32.04 32.80 33.95 34.30 34.98 35.73 35.99 36.71 37.25 38.41 38.86 39.20 39.62 40.42 40.85 41.29 42.06 41.98 42.50 43.59 43.73 44.10 44.37 45.25
hyperparams/tune-2018-01-18-08-55-07/train-2-0.04-0.9-0.98-1e-12-16000-1500-1024-4-8-64-256-256-256-256-True-0.75.log 0.00 0.00 0.00 0.00 0.00 0.00 0.00 0.00 0.00 0.00 0.00 0.00 0.00 0.00 0.00 0.00 0.00 0.00 0.00 0.00 0.00 0.00 0.00 0.00 0.00 0.00 0.00 0.00 0.00 0.00 0.00 0.00 0.00 0.00 0.00 0.00 0.00 0.00 0.00 0.00 0.00 0.00 0.00 0.00 0.00
hyperparams/tune-2018-01-18-08-55-07/train-2-0.04-0.9-0.98-1e-12-16000-1500-1024-4-8-64-256-256-256-256-True-1.0.log 10.60 5.45 2.55 0.76 0.00 0.00 0.00 0.00 0.00 0.00 0.00 0.00 0.00 0.00 0.00 0.00 0.00 0.00 0.00 0.00 0.00 0.00 0.00 0.00 0.00 0.00 0.00 0.00 0.00 0.00 0.00 0.00 0.00 0.00 0.00 0.00 0.00 0.00 0.00 0.00 0.00 0.00 0.00 0.00 0.00
hyperparams/tune-2018-01-18-08-55-07/train-2-0.04-0.9-0.98-1e-12-16000-1500-1024-4-8-64-256-256-256-256-True-1.25.log 11.96 25.80 34.49 37.41 41.10 42.24 44.71 47.24 49.26 51.43 52.29 52.65 54.27 54.59 56.38 56.42 57.58 57.15 58.42 59.86 59.12 59.67 60.30 60.87 60.87 61.14 61.73 62.24 62.49 62.55 63.43 62.89 63.56 63.80 64.10 63.92 64.83 64.93 64.69 65.42 65.34 64.78 65.68 65.62 65.87 65.97
hyperparams/tune-2018-01-18-08-55-07/train-2-0.04-0.9-0.98-1e-12-16000-1500-1024-4-8-64-256-256-256-256-True-1.5.log 0.00 12.53 17.00 23.94 30.66 33.54 36.78 39.48 40.56 42.73 44.05 45.38 47.03 48.95 49.90 50.58 51.26 52.07 52.33 53.02 54.03 55.29 55.67 56.79 57.02 57.29 57.79 58.29 59.20 59.70 59.80 59.87 60.57 59.56 61.48 61.43 61.85 62.53 62.97 63.54 63.20 64.11 63.58 64.02 64.75 65.10
hyperparams/tune-2018-01-18-08-55-07/train-2-0.04-0.9-0.98-1e-12-16000-1500-1024-4-8-64-256-256-256-256-True-1.75.log 0.00 0.00 0.00 0.00 0.00 0.01 4.52 9.86 11.02 12.01 13.00 14.07 15.88 17.77 19.47 22.25 24.33 26.35 27.71 29.06 30.50 31.69 32.52 33.63 0.00 35.28 36.19 0.00 37.64 38.39 38.74 0.00 40.45 0.00 40.99 41.64 42.64 43.31 43.92 43.92 44.33 44.82 45.33
hyperparams/tune-2018-01-18-08-55-07/train-2-0.04-0.9-0.98-1e-12-16000-2000-1024-4-8-64-256-256-256-256-True-0.75.log 0.00 0.00 0.00 0.00 0.00 0.00 0.00 0.00 0.00 0.00 0.00 0.00 0.00 0.00 0.00 0.00 0.00 0.00 0.00 0.00 0.00 0.00 0.00 0.00 0.00 0.00 0.00 0.00 0.00 0.00 0.00 0.00 0.00 0.00 0.00 0.00 0.00 0.00 0.00 0.00 0.00 0.00 0.00 0.00 0.00 0.00 0.00
hyperparams/tune-2018-01-18-08-55-07/train-2-0.04-0.9-0.98-1e-12-16000-2000-1024-4-8-64-256-256-256-256-True-1.0.log 0.00 0.00 0.00 0.00 0.00 0.00 0.00 0.00 0.00 0.00 0.00 0.00 0.00 0.00 0.00 0.00 0.00 0.00 0.00 0.00 0.00 0.00 0.00 0.00 0.00 0.00 0.00 0.00 0.00 0.00 0.00 0.00 0.00 0.00 0.00 0.00 0.00 0.00 0.00 0.00
hyperparams/tune-2018-01-18-08-55-07/train-2-0.04-0.9-0.98-1e-12-16000-2000-1024-4-8-64-256-256-256-256-True-1.25.log 0.00 7.92 10.61 16.38 19.79 28.90 32.03 35.88 39.35 38.68 42.21 43.92 45.39 45.32 46.51 48.33 48.08 48.85 49.41 50.28 50.54 51.25 51.38 52.47 52.94 53.18 53.34 53.83 54.36 54.05 55.16 54.46 55.10 55.48 55.36 56.06 56.25 56.93 57.01 56.92
hyperparams/tune-2018-01-18-08-55-07/train-2-0.04-0.9-0.98-1e-12-16000-2000-1024-4-8-64-256-256-256-256-True-1.5.log 0.00 8.91 16.36 21.04 26.63 32.90 0.00 38.19 40.81 42.31 44.93 45.75 47.25 48.57 49.87 50.65 52.09 52.69 53.48 54.22 54.57 56.16 56.94 57.37 57.68 57.39 59.30 58.17 59.94 60.77 61.06 61.21 61.27 62.07 62.35 62.60 63.55 63.91 63.94 64.65 64.87
hyperparams/tune-2018-01-18-08-55-07/train-2-0.04-0.9-0.98-1e-12-16000-2000-1024-4-8-64-256-256-256-256-True-1.75.log 0.00 0.00 0.00 0.00 0.00 0.00 0.00 0.00 0.23 1.73 3.53 5.71 7.07 9.82 11.94 13.93 16.52 17.32 18.14 18.93 19.80 20.58 22.63 23.51 24.10 25.15 26.64 27.24 28.15 28.97 29.55 30.52 31.32 32.09 32.80 33.68 34.02 34.50 35.15 35.98
hyperparams/tune-2018-01-18-08-55-07/train-2-0.04-0.9-0.98-1e-12-2000-1000-1024-4-8-64-256-256-256-256-True-0.75.log 0.00 0.00 0.00 0.00 0.00 0.00 0.00 0.00 0.00 0.00 0.00 0.00 0.00 0.00 0.00 0.00 0.00 0.00 0.00 0.00 0.00 0.00 0.00 0.00 0.00 0.00 0.00 0.00 0.00 0.00 0.00 0.00 0.00 0.00 0.00 0.00 0.00 0.00 0.00 0.00 0.00 0.00 0.00 0.00 0.00 0.00 0.00 0.00 0.00 0.00 0.00
hyperparams/tune-2018-01-18-08-55-07/train-2-0.04-0.9-0.98-1e-12-2000-1000-1024-4-8-64-256-256-256-256-True-1.0.log 0.00 0.00 0.00 0.00 0.00 0.00 0.00 0.00 0.00 0.00 0.00 0.00 0.00 0.00 0.00 0.00 0.00 0.00 0.00 0.00 0.00 0.00 0.00 0.00 0.00 0.00 0.00 0.00 0.00 0.00 0.00 0.00 0.00 0.00 0.00 0.00 0.00 0.00 0.00 0.00 0.00 0.00 0.00 0.00 0.00 0.00 0.00 0.00 0.00 0.00 0.00 0.00 0.00 0.00
hyperparams/tune-2018-01-18-08-55-07/train-2-0.04-0.9-0.98-1e-12-2000-1000-1024-4-8-64-256-256-256-256-True-1.25.log
hyperparams/tune-2018-01-18-08-55-07/train-2-0.04-0.9-0.98-1e-12-2000-1000-1024-4-8-64-256-256-256-256-True-1.5.log 13.74 24.24 26.51 30.24 33.71 38.29 38.50 41.86 43.49 45.43 46.14 47.10 48.83 49.92 50.17 50.21 51.87 52.34 52.28 53.49 54.36 54.02 54.33 55.08 55.74 55.80 55.98 57.20 57.07 56.98 58.26 57.52 57.48 58.06 58.40 58.95 59.28 59.50 59.31 59.14 59.59 59.05 59.79 0.00 60.31 60.85 0.00 0.00 60.73 61.10 61.69 61.78
hyperparams/tune-2018-01-18-08-55-07/train-2-0.04-0.9-0.98-1e-12-2000-1000-1024-4-8-64-256-256-256-256-True-1.75.log 9.08 16.50 26.89 32.32 35.49 40.01 40.52 42.62 44.16 46.17 45.98 47.17 47.57 48.98 49.24 50.02 51.53 52.16 52.96 54.35 54.44 55.26 56.70 56.84 56.17 57.31 57.77 57.92 59.37 59.06 58.44 59.93 60.70 60.64 61.57 60.49 60.85 62.32 62.47 62.19 62.07 63.06 62.83 63.07 63.00 63.09 63.51 63.39 63.55 63.95
hyperparams/tune-2018-01-18-08-55-07/train-2-0.04-0.9-0.98-1e-12-2000-1500-1024-4-8-64-256-256-256-256-True-0.75.log 0.00 0.00 0.00 0.00 0.00 0.00 0.00 0.00 0.00 0.00 0.00 0.00 0.00 0.00 0.00 0.00 0.00 0.00 0.00 0.00 0.00 0.00 0.00 0.00 0.00 0.00 0.00 0.00 0.00 0.00 0.00 0.00 0.00 0.00 0.00 0.00 0.00 0.00 0.00 0.00 0.00 0.00 0.00 0.00
hyperparams/tune-2018-01-18-08-55-07/train-2-0.04-0.9-0.98-1e-12-2000-1500-1024-4-8-64-256-256-256-256-True-1.0.log 0.00 0.00 0.00 0.00 0.00 0.00 0.00 0.00 0.00 0.00 0.00 0.00 0.00 0.00 0.00 0.00 0.00 0.00 0.00 0.00 0.00 0.00 0.00 0.00 0.00 0.00 0.00 0.00 0.00 0.00 0.00 0.00 0.00 0.00 0.00 0.00 0.00 0.00 0.00 0.00 0.00 0.00 0.00 0.00 0.00 0.00 0.00
hyperparams/tune-2018-01-18-08-55-07/train-2-0.04-0.9-0.98-1e-12-2000-1500-1024-4-8-64-256-256-256-256-True-1.25.log 8.20 1.86 0.00 0.00 0.00 0.00 0.00 0.00 0.00 0.00 0.00 0.00 0.00 0.00 0.00 0.00 0.00 0.00 0.00 0.00 0.00 0.00 0.00 0.00 0.00 0.00 0.00 0.00 0.00 0.00 0.00 0.00 0.00 0.00 0.00 0.00 0.00 0.00 0.00 0.00 0.00 0.00 0.00 0.00 0.00 0.00 0.00
hyperparams/tune-2018-01-18-08-55-07/train-2-0.04-0.9-0.98-1e-12-2000-1500-1024-4-8-64-256-256-256-256-True-1.5.log 0.00 6.76 7.11 10.23 11.49 13.88 15.58 16.45 17.74 19.17 19.00 20.25 21.24 20.28 21.96 21.83 23.46 23.55 24.72 24.73 25.23 24.26 25.73 26.64 27.07 27.50 28.68 29.00 29.28 29.46 30.32 31.54 30.43 31.99 32.64 33.04 33.45 33.50 33.29 35.42 35.23 34.89 35.51 35.77 36.04 36.20
hyperparams/tune-2018-01-18-08-55-07/train-2-0.04-0.9-0.98-1e-12-2000-1500-1024-4-8-64-256-256-256-256-True-1.75.log 0.51 16.95 27.03 32.43 38.41 40.98 43.21 44.47 46.21 46.97 49.52 50.64 51.40 52.59 53.43 53.46 54.91 56.22 57.27 56.56 57.51 58.92 60.03 59.83 60.73 59.88 61.29 61.81 63.34 62.47 62.70 62.71 63.43 63.75 64.05 63.90 64.67 64.97 64.70 65.09 65.20 66.03 65.67 65.86 65.68
hyperparams/tune-2018-01-18-08-55-07/train-2-0.04-0.9-0.98-1e-12-2000-2000-1024-4-8-64-256-256-256-256-True-0.75.log 0.00 0.00 0.00 0.00 0.00 0.00 0.00 0.00 0.00 0.00 0.00 0.00 0.00 0.00 0.00 0.00 0.00 0.00 0.00 0.00 0.00 0.00 0.00 0.00 0.00 0.00 0.00 0.00 0.00 0.00 0.00 0.00 0.00 0.00 0.00 0.00 0.00 0.00 0.00 0.00 0.00
hyperparams/tune-2018-01-18-08-55-07/train-2-0.04-0.9-0.98-1e-12-2000-2000-1024-4-8-64-256-256-256-256-True-1.0.log 0.00 0.00 0.00 0.00 0.00 0.00 0.00 0.00 0.00 0.00 0.00 0.00 0.00 0.00 0.00 0.00 0.00 0.00 0.00 0.00 0.00 0.00 0.00 0.00 0.00 0.00 0.00 0.00 0.00 0.00 0.00 0.00 0.00 0.00 0.00 0.00 0.00 0.00 0.00 0.00 0.00 0.00
hyperparams/tune-2018-01-18-08-55-07/train-2-0.04-0.9-0.98-1e-12-2000-2000-1024-4-8-64-256-256-256-256-True-1.25.log 0.00 0.00 0.00 0.00 0.00 0.00 0.00 0.00 0.00 0.00 0.00 0.00 0.00 0.00 0.00 0.00 0.00 0.00 0.00 0.00 0.00 0.00 0.00 0.00 0.00 0.00 0.00 0.00 0.00 0.00 0.00 0.00 0.00 0.00 0.00 0.00 0.00 0.00 0.00 0.00 0.00 0.00
hyperparams/tune-2018-01-18-08-55-07/train-2-0.04-0.9-0.98-1e-12-2000-2000-1024-4-8-64-256-256-256-256-True-1.5.log 3.14 8.63 16.72 21.43 26.38 30.91 34.62 38.43 40.59 42.62 43.08 45.90 46.29 47.52 48.62 49.08 50.21 50.54 51.35 52.10 52.56 0.00 53.29 53.46 54.28 54.17 54.79 54.58 0.00 55.36 55.90 56.57 56.35 56.39 0.00 0.00 0.00 0.00
hyperparams/tune-2018-01-18-08-55-07/train-2-0.04-0.9-0.98-1e-12-2000-2000-1024-4-8-64-256-256-256-256-True-1.75.log 3.09 6.47 11.30 14.01 20.70 23.69 27.97 31.34 34.05 36.67 39.28 38.71 41.11 42.35 43.68 44.47 46.04 46.98 48.43 48.17 49.68 49.79 50.70 51.39 52.00 52.51 53.35 53.42 53.75 54.30 54.50 55.19 55.46 56.27 56.25 56.20 56.73 57.09 57.35 57.51
hyperparams/tune-2018-01-18-08-55-07/train-2-0.04-0.9-0.98-1e-12-4000-1000-1024-4-8-64-256-256-256-256-True-0.75.log 0.00 0.00 0.00 0.00 0.00 0.00 0.00 0.00 0.00 0.00 0.00 0.00 0.00 0.00 0.00 0.00 0.00 0.00 0.00 0.00 0.00 0.00 0.00 0.00 0.00 0.00 0.00 0.00 0.00 0.00 0.00 0.00 0.00 0.00 0.00 0.00 0.00 0.00 0.00 0.00 0.00 0.00 0.00 0.00 0.00 0.00 0.00 0.00 0.00 0.00 0.00 0.00 0.00
hyperparams/tune-2018-01-18-08-55-07/train-2-0.04-0.9-0.98-1e-12-4000-1000-1024-4-8-64-256-256-256-256-True-1.0.log 0.00 0.00 0.00 0.00 0.00 0.00 0.00 0.00 0.00 0.00 0.00 0.00 0.00 0.00 0.00 0.00 0.00 0.00 0.00 0.00 0.00 0.00 0.00 0.00 0.00 0.00 0.00 0.00 0.00 0.00 0.00 0.00 0.00 0.00 0.00 0.00 0.00 0.00 0.00 0.00 0.00 0.00 0.00 0.00 0.00 0.00 0.00 0.00 0.00 0.00 0.00 0.00
hyperparams/tune-2018-01-18-08-55-07/train-2-0.04-0.9-0.98-1e-12-4000-1000-1024-4-8-64-256-256-256-256-True-1.25.log 0.00 0.00 0.00 0.00 0.00 0.00 0.00 0.00 0.00 0.00 0.00 0.00 0.00 0.00 0.00 0.00 0.00 0.00 0.00 0.00 0.00 0.00 0.00 0.00 0.00 0.00 0.00 0.00 0.00 0.00 0.00 0.00 0.00 0.00 0.00 0.00 0.00 0.00 0.00 0.00 0.00 0.00 0.00 0.00 0.00 0.00 0.00 0.00 0.00 0.00 0.00 0.00 0.00
hyperparams/tune-2018-01-18-08-55-07/train-2-0.04-0.9-0.98-1e-12-4000-1000-1024-4-8-64-256-256-256-256-True-1.5.log 0.00 2.06 8.21 13.00 12.96 17.43 19.06 23.10 23.97 26.85 29.46 30.64 32.43 34.86 36.92 38.06 39.07 39.09 40.72 42.01 41.66 43.98 43.28 44.06 44.20 44.65 45.94 0.00 46.29 46.75 46.69 46.23 47.90 47.29 48.30 48.01 48.22 48.52 48.96 47.94 49.49 49.24 49.29 49.38 49.90 50.79 50.23 50.65 50.82 51.43 50.82 51.38
hyperparams/tune-2018-01-18-08-55-07/train-2-0.04-0.9-0.98-1e-12-4000-1000-1024-4-8-64-256-256-256-256-True-1.75.log 0.00 0.00 0.00 14.45 16.76 19.77 24.28 27.57 29.46 31.97 32.73 34.46 37.08 38.15 39.29 41.51 41.12 42.36 43.36 44.36 44.34 45.58 46.49 47.71 47.04 48.10 48.17 48.18 50.03 50.55 50.93 50.12 52.03 52.30 52.58 53.80 53.81 54.61 54.77 55.46 55.37 55.09 55.96 56.58 56.82 57.39 57.73 57.76 57.45 57.52 58.61 58.89
hyperparams/tune-2018-01-18-08-55-07/train-2-0.04-0.9-0.98-1e-12-4000-1500-1024-4-8-64-256-256-256-256-True-0.75.log 0.00 0.00 0.00 0.00 0.00 0.00 0.00 0.00 0.00 0.00 0.00 0.00 0.00 0.00 0.00 0.00 0.00 0.00 0.00 0.00 0.00 0.00 0.00 0.00 0.00 0.00 0.00 0.00 0.00 0.00 0.00 0.00 0.00 0.00 0.00 0.00 0.00 0.00 0.00 0.00 0.00 0.00 0.00 0.00 0.00 0.00 0.00
hyperparams/tune-2018-01-18-08-55-07/train-2-0.04-0.9-0.98-1e-12-4000-1500-1024-4-8-64-256-256-256-256-True-1.0.log 0.00 0.00 0.00 0.00 0.00 0.00 0.00 0.00 0.00 0.00 0.00 0.00 0.00 0.00 0.00 0.00 0.00 0.00 0.00 0.00 0.00 0.00 0.00 0.00 0.00 0.00 0.00 0.00 0.00 0.00 0.00 0.00 0.00 0.00 0.00 0.00 0.00 0.00 0.00 0.00 0.00 0.00 0.00 0.00 0.00 0.00 0.00 0.00
hyperparams/tune-2018-01-18-08-55-07/train-2-0.04-0.9-0.98-1e-12-4000-1500-1024-4-8-64-256-256-256-256-True-1.25.log 20.09 18.78 29.49 33.32 37.79 40.15 43.10 44.29 45.85 46.73 47.86 48.35 50.43 51.18 51.62 52.21 51.99 53.21 53.08 54.30 54.15 55.09 55.69 55.75 56.77 56.38 57.25 57.44 57.41 0.00 58.57 58.09 0.00 59.04 0.00 59.33 59.21 0.00 0.00 0.00 0.00 60.04 60.38 60.92 61.20
hyperparams/tune-2018-01-18-08-55-07/train-2-0.04-0.9-0.98-1e-12-4000-1500-1024-4-8-64-256-256-256-256-True-1.5.log 15.63 28.22 33.34 38.44 39.61 44.32 44.43 48.25 48.70 49.26 51.84 53.44 54.35 55.06 55.22 57.12 57.71 58.60 58.68 59.58 60.72 60.23 60.58 60.63 61.70 61.96 62.23 63.15 63.08 63.72 63.77 64.15 64.01 64.73 64.89 0.00 64.88 65.32 65.31 65.75 65.89 65.71 66.19
hyperparams/tune-2018-01-18-08-55-07/train-2-0.04-0.9-0.98-1e-12-4000-1500-1024-4-8-64-256-256-256-256-True-1.75.log 0.00 0.05 0.65 2.43 11.77 13.13 14.86 17.09 21.72 23.56 26.50 28.09 30.03 32.66 34.74 36.28 38.30 39.56 39.42 41.31 42.88 43.04 43.64 45.65 45.31 46.24 47.19 47.56 47.38 48.32 49.58 49.89 49.69 50.16 50.88 52.08 52.68 53.13 53.20 53.65 54.14 54.37 53.96 54.88
hyperparams/tune-2018-01-18-08-55-07/train-2-0.04-0.9-0.98-1e-12-4000-2000-1024-4-8-64-256-256-256-256-True-0.75.log 0.00 0.00 0.00 0.00 0.00 0.00 0.00 0.00 0.00 0.00 0.00 0.00 0.00 0.00 0.00 0.00 0.00 0.00 0.00 0.00 0.00 0.00 0.00 0.00 0.00 0.00 0.00 0.00 0.00 0.00 0.00 0.00 0.00 0.00 0.00 0.00 0.00 0.00 0.00 0.00 0.00 0.00
hyperparams/tune-2018-01-18-08-55-07/train-2-0.04-0.9-0.98-1e-12-4000-2000-1024-4-8-64-256-256-256-256-True-1.0.log 0.00 0.00 0.00 0.00 0.00 0.00 0.00 0.00 0.00 0.00 0.00 0.00 0.00 0.00 0.00 0.00 0.00 0.00 0.00 0.00 0.00 0.00 0.00 0.00 0.00 0.00 0.00 0.00 0.00 0.00 0.00 0.00 0.00 0.00 0.00 0.00 0.00 0.00 0.00 0.00 0.00
hyperparams/tune-2018-01-18-08-55-07/train-2-0.04-0.9-0.98-1e-12-4000-2000-1024-4-8-64-256-256-256-256-True-1.25.log 4.01 9.21 7.72 7.15 2.54 7.01 5.04 7.09 2.19 0.56 0.00 0.21 0.06 0.00 0.00 0.00 0.00 0.00 0.00 0.00 0.00 0.00 0.00 0.00 0.00 0.00 0.00 0.00 0.00 0.00 0.00 0.00 0.00 0.00 0.00 0.05 1.13 3.84 4.41 5.16
hyperparams/tune-2018-01-18-08-55-07/train-2-0.04-0.9-0.98-1e-12-4000-2000-1024-4-8-64-256-256-256-256-True-1.5.log 15.71 26.71 36.01 40.25 43.63 46.33 47.22 49.82 51.39 52.88 54.31 55.78 56.75 57.41 58.46 59.59 60.42 60.69 61.11 61.60 62.51 62.49 63.80 63.64 63.78 63.70 64.25 64.58 64.73 65.41 65.53 65.68 66.44 66.16 66.59 66.84 66.73 0.00 66.97 67.27 67.64
hyperparams/tune-2018-01-18-08-55-07/train-2-0.04-0.9-0.98-1e-12-4000-2000-1024-4-8-64-256-256-256-256-True-1.75.log 0.00 9.83 20.01 25.95 30.51 34.86 37.58 40.89 0.00 44.15 46.26 47.05 48.94 50.46 51.85 52.46 53.21 53.81 54.60 55.18 56.23 56.86 57.93 58.12 59.19 59.33 59.76 59.45 60.79 61.21 61.56 61.57 62.22 62.66 63.40 63.91 64.02 64.73
hyperparams/tune-2018-01-18-08-55-07/train-2-0.04-0.9-0.98-1e-12-8000-1000-1024-4-8-64-256-256-256-256-True-0.75.log 0.00 0.00 0.00 0.00 0.00 0.00 0.00 0.00 0.00 0.00 0.00 0.00 0.00 0.00 0.00 0.00 0.00 0.00 0.00 0.00 0.00 0.00 0.00 0.00 0.00 0.00 0.00 0.00 0.00 0.00 0.00 0.00 0.00 0.00 0.00 0.00 0.00 0.00 0.00 0.00 0.00 0.00 0.00 0.00 0.00 0.00 0.00 0.00 0.00 0.00 0.00 0.00
hyperparams/tune-2018-01-18-08-55-07/train-2-0.04-0.9-0.98-1e-12-8000-1000-1024-4-8-64-256-256-256-256-True-1.0.log 0.00 0.00 0.00 0.00 0.00 0.00 0.00 0.00 0.00 0.00 0.00 0.00 0.00 0.00 0.00 0.00 0.00 0.00 0.00 0.00 0.00 0.00 0.00 0.00 0.00 0.00 0.00 0.00 0.00 0.00 0.00 0.00 0.00 0.00 0.00 0.00 0.00 0.00 0.00 0.00 0.00 0.00 0.00 0.00 0.00 0.00 0.00 0.00 0.00 0.00 0.00 0.00
hyperparams/tune-2018-01-18-08-55-07/train-2-0.04-0.9-0.98-1e-12-8000-1000-1024-4-8-64-256-256-256-256-True-1.25.log 8.98 13.41 14.21 19.39 20.19 24.68 26.69 26.49 29.58 30.25 31.86 33.32 33.51 34.94 36.32 37.56 38.35 39.46 40.91 40.85 42.27 42.32 43.41 43.99 44.88 44.99 44.83 45.76 45.69 46.00 46.39 47.09 47.60 47.59 48.30 48.04 48.24 48.34 48.92 49.19 49.47 49.89 49.98 50.81 50.69 51.36 50.90 51.21 51.57 51.62
hyperparams/tune-2018-01-18-08-55-07/train-2-0.04-0.9-0.98-1e-12-8000-1000-1024-4-8-64-256-256-256-256-True-1.5.log 0.50 17.09 24.75 32.37 35.03 0.00 39.85 41.84 43.58 43.54 45.55 46.21 48.22 48.47 49.44 50.30 51.22 52.05 51.97 53.86 54.61 54.28 56.04 55.31 56.83 57.58 58.84 57.80 59.04 59.31 59.82 59.69 60.16 59.89 60.61 61.39 61.16 62.70 61.63 62.43 62.64 62.49 62.84 62.98 63.67 62.79 63.42 62.89 64.91 64.52
hyperparams/tune-2018-01-18-08-55-07/train-2-0.04-0.9-0.98-1e-12-8000-1000-1024-4-8-64-256-256-256-256-True-1.75.log 0.00 0.00 0.00 1.38 5.21 8.18 9.20 11.59 13.11 14.28 15.50 16.02 16.73 17.68 18.47 19.44 21.07 21.40 23.71 23.74 26.04 27.29 28.83 29.06 30.15 31.15 31.81 32.90 32.82 33.64 34.37 34.49 35.33 36.34 36.59 37.90 37.42 39.32 39.22 40.08 40.29 40.75 41.72 41.81 42.75 42.34 43.17 42.65 44.17
hyperparams/tune-2018-01-18-08-55-07/train-2-0.04-0.9-0.98-1e-12-8000-1500-1024-4-8-64-256-256-256-256-True-0.75.log 0.00 0.00 0.00 0.00 0.00 0.00 0.00 0.00 0.00 0.00 0.00 0.00 0.00 0.00 0.00 0.00 0.00 0.00 0.00 0.00 0.00 0.00 0.00 0.00 0.00 0.00 0.00 0.00 0.00 0.00 0.00 0.00 0.00 0.00 0.00 0.00 0.00 0.00 0.00 0.00 0.00 0.00 0.00 0.00 0.00
hyperparams/tune-2018-01-18-08-55-07/train-2-0.04-0.9-0.98-1e-12-8000-1500-1024-4-8-64-256-256-256-256-True-1.0.log 0.00 0.00 0.00 0.00 0.00 0.00 0.00 0.00 0.00 0.00 0.00 0.00 0.00 0.00 0.00 0.00 0.00 0.00 0.00 0.00 0.00 0.00 0.00 0.00 0.00 0.00 0.00 0.00 0.00 0.00 0.00 0.00 0.00 0.00 0.00 0.00 0.00 0.00 0.00 0.00 0.00 0.00 0.00 0.00 0.00
hyperparams/tune-2018-01-18-08-55-07/train-2-0.04-0.9-0.98-1e-12-8000-1500-1024-4-8-64-256-256-256-256-True-1.25.log 3.72 8.65 1.71 9.99 13.61 16.32 17.26 20.95 25.15 26.64 28.14 28.96 30.23 30.54 31.72 31.82 32.45 33.56 34.42 34.58 35.57 35.74 37.00 37.08 37.98 37.79 38.93 39.18 39.88 40.58 40.56 41.19 41.81 41.72 42.35 42.46 43.31 43.38 43.80 43.93 0.00 44.40 45.68 45.33 45.18
hyperparams/tune-2018-01-18-08-55-07/train-2-0.04-0.9-0.98-1e-12-8000-1500-1024-4-8-64-256-256-256-256-True-1.5.log 2.10 13.19 23.12 29.12 35.00 37.95 40.92 42.56 45.20 46.41 47.35 49.21 49.68 51.29 50.18 53.13 54.24 54.12 54.86 55.96 56.54 57.46 58.23 58.22 58.68 58.43 60.45 60.53 60.80 61.72 61.73 62.62 62.42 62.69 62.45 62.60 63.78 64.10 63.44 64.44 64.27 64.52 65.28 65.40
hyperparams/tune-2018-01-18-08-55-07/train-2-0.04-0.9-0.98-1e-12-8000-1500-1024-4-8-64-256-256-256-256-True-1.75.log 0.00 0.00 0.00 0.00 0.01 3.38 6.41 12.11 15.07 15.89 16.55 19.95 21.74 23.12 24.40 26.17 27.22 28.37 29.69 31.24 33.23 34.27 35.35 36.39 37.49 37.89 38.59 39.95 40.13 41.07 41.78 42.42 43.00 43.39 44.14 44.26 44.95 45.50 45.92 47.12 46.88 47.31 48.30 48.53
hyperparams/tune-2018-01-18-08-55-07/train-2-0.04-0.9-0.98-1e-12-8000-2000-1024-4-8-64-256-256-256-256-True-0.75.log 0.00 0.00 0.00 0.00 0.00 0.00 0.00 0.00 0.00 0.00 0.00 0.00 0.00 0.00 0.00 0.00 0.00 0.00 0.00 0.00 0.00 0.00 0.00 0.00 0.00 0.00 0.00 0.00 0.00 0.00 0.00 0.00 0.00 0.00 0.00 0.00 0.00 0.00 0.00 0.00 0.00
hyperparams/tune-2018-01-18-08-55-07/train-2-0.04-0.9-0.98-1e-12-8000-2000-1024-4-8-64-256-256-256-256-True-1.0.log 0.00 0.00 0.00 0.00 0.00 0.00 0.00 0.00 0.00 0.00 0.00 0.00 0.00 0.00 0.00 0.00 0.00 0.00 0.00 0.00 0.00 0.00 0.00 0.00 0.00 0.00 0.00 0.00 0.00 0.00 0.00 0.00 0.00 0.00 0.00 0.00 0.00 0.00 0.00 0.00
hyperparams/tune-2018-01-18-08-55-07/train-2-0.04-0.9-0.98-1e-12-8000-2000-1024-4-8-64-256-256-256-256-True-1.25.log 10.83 23.05 29.98 35.31 39.20 42.51 45.22 46.46 47.99 49.43 50.13 52.26 52.57 53.60 54.70 55.21 56.32 56.75 57.38 57.22 58.24 58.04 58.83 59.19 0.00 60.02 59.74 0.00 60.85 61.24 61.49 61.53 61.98 61.74 0.00 0.00 63.13 62.67 0.00 63.08 63.25
hyperparams/tune-2018-01-18-08-55-07/train-2-0.04-0.9-0.98-1e-12-8000-2000-1024-4-8-64-256-256-256-256-True-1.5.log 12.73 21.11 28.31 0.00 39.58 41.53 45.45 46.73 49.46 50.37 50.34 51.29 53.17 54.56 56.04 54.23 58.48 57.74 58.95 58.86 60.31 61.20 61.15 61.86 62.63 62.54 63.52 63.69 64.26 64.48 64.28 65.27 65.46 65.70 66.03 66.16 66.12 65.75 66.91 66.59 67.41
hyperparams/tune-2018-01-18-08-55-07/train-2-0.04-0.9-0.98-1e-12-8000-2000-1024-4-8-64-256-256-256-256-True-1.75.log 0.00 0.00 0.00 1.09 2.14 6.25 8.66 11.22 13.84 16.13 17.08 18.74 19.50 20.86 22.73 23.73 25.99 27.60 28.84 30.48 32.09 33.94 34.70 36.09 36.74 37.35 39.01 40.03 41.19 41.96 42.50 43.31 44.17 44.64 44.74 44.93 45.41 46.33 47.22
hyperparams/tune-2018-01-18-08-55-07/train-2-0.08-0.9-0.98-1e-12-16000-1000-1024-4-8-64-256-256-256-256-True-0.75.log 0.00 0.00 0.00 0.00 0.00 0.00 0.00 0.00 0.00 0.00 0.00 0.00 0.00 0.00 0.00 0.00 0.00 0.00 0.00 0.00 0.00 0.00 0.00 0.00 0.00 0.00 0.00 0.00 0.00 0.00 0.00 0.00 0.00 0.00 0.00 0.00 0.00 0.00 0.00 0.00 0.00 0.00 0.00 0.00 0.00 0.00 0.00 0.00 0.00 0.00 0.00 0.00 0.00 0.00 0.00
hyperparams/tune-2018-01-18-08-55-07/train-2-0.08-0.9-0.98-1e-12-16000-1000-1024-4-8-64-256-256-256-256-True-1.0.log 0.00 0.00 0.00 0.00 0.00 0.00 0.00 0.00 0.00 0.00 0.00 0.00 0.00 0.00 0.00 0.00 0.00 0.00 0.00 0.00 0.00 0.00 0.00 0.00 0.00 0.00 0.00 0.00 0.00 0.00 0.00 0.00 0.00 0.00 0.00 0.00 0.00 0.00 0.00 0.00 0.00 0.00 0.00 0.00 0.00 0.00 0.00 0.00
hyperparams/tune-2018-01-18-08-55-07/train-2-0.08-0.9-0.98-1e-12-16000-1000-1024-4-8-64-256-256-256-256-True-1.25.log 15.96 29.69 33.47 32.62 29.18 29.35 31.21 29.80 31.12 33.01 32.70 35.21 36.80 37.00 38.22 39.26 41.10 40.96 41.24 42.68 44.39 44.47 45.46 45.36 46.43 0.00 46.87 47.21 48.36 49.28 49.70 0.00 0.00 50.18 50.65 51.45 51.55 51.97 52.03 52.13 0.00 52.67 53.03 0.00 53.42 0.00 0.00 0.00 54.23 54.24 54.53 54.34 0.00
hyperparams/tune-2018-01-18-08-55-07/train-2-0.08-0.9-0.98-1e-12-16000-1000-1024-4-8-64-256-256-256-256-True-1.5.log 0.00 14.13 17.86 23.66 30.00 32.62 36.53 37.27 40.00 41.80 43.29 44.29 45.77 45.64 47.01 48.42 48.97 49.95 50.07 49.84 51.38 52.33 52.54 52.92 52.26 53.31 54.26 53.15 54.70 54.93 54.67 55.51 55.12 55.04 56.45 55.95 56.74 57.63 57.24 57.77 58.39 59.69 59.02 58.01 59.24 59.10 60.25 59.98
hyperparams/tune-2018-01-18-08-55-07/train-2-0.08-0.9-0.98-1e-12-16000-1000-1024-4-8-64-256-256-256-256-True-1.75.log 0.00 0.00 0.00 0.62 8.42 10.83 14.47 15.67 17.29 19.84 22.62 24.61 26.27 28.40 29.71 31.41 31.91 34.04 34.51 35.48 36.26 37.70 38.40 39.44 39.85 40.78 41.25 41.92 42.88 42.96 0.00 44.55 45.49 45.66 46.05 47.16 47.44 47.66 48.55 49.11 48.72 49.42 50.16 50.37 50.62 51.23 51.94 51.61 52.27 52.79 52.96
hyperparams/tune-2018-01-18-08-55-07/train-2-0.08-0.9-0.98-1e-12-16000-1500-1024-4-8-64-256-256-256-256-True-0.75.log 0.00 0.00 0.00 0.00 0.00 0.00 0.00 0.00 0.00 0.00 0.00 0.00 0.00 0.00 0.00 0.00 0.00 0.00 0.00 0.00 0.00 0.00 0.00 0.00 0.00 0.00 0.00 0.00 0.00 0.00 0.00 0.00 0.00 0.00 0.00 0.00 0.00 0.00 0.00 0.00 0.00 0.00 0.00 0.00 0.00 0.00 0.00
hyperparams/tune-2018-01-18-08-55-07/train-2-0.08-0.9-0.98-1e-12-16000-1500-1024-4-8-64-256-256-256-256-True-1.0.log 0.00 0.00 0.00 0.00 0.00 0.00 0.00 0.00 0.00 0.00 0.00 0.00 0.00 0.00 0.00 0.00 0.00 0.00 0.00 0.00 0.00 0.00 0.00 0.00 0.00 0.00 0.00 0.00 0.00 0.00 0.00 0.00 0.00 0.00 0.00 0.00 0.00 0.00 0.00 0.00 0.00 0.00 0.00 0.00 0.00 0.00 0.00 0.00
hyperparams/tune-2018-01-18-08-55-07/train-2-0.08-0.9-0.98-1e-12-16000-1500-1024-4-8-64-256-256-256-256-True-1.25.log 1.97 11.44 21.49 26.56 26.50 27.25 28.68 30.51 31.22 32.79 35.57 38.05 39.14 39.64 41.25 41.62 43.42 44.38 45.03 45.37 46.11 46.35 47.58 48.24 48.54 49.47 49.33 49.82 49.58 50.21 50.51 50.99 51.31 0.00 0.00 51.26 51.89 0.00 52.68 0.00 52.54 0.00 0.00 0.00 0.00 0.00
hyperparams/tune-2018-01-18-08-55-07/train-2-0.08-0.9-0.98-1e-12-16000-1500-1024-4-8-64-256-256-256-256-True-1.5.log 0.00 15.37 22.16 28.36 33.94 36.62 38.58 40.30 43.81 44.88 46.94 48.04 48.78 49.70 51.11 51.47 52.76 53.44 54.27 54.71 55.25 55.75 56.46 57.14 57.25 57.82 56.21 57.64 58.43 58.79 58.71 59.06 59.65 60.21 60.15 60.66 61.33 61.47 60.99 62.75 62.62 62.23 63.12 63.14 62.09 63.32 63.33 63.54
hyperparams/tune-2018-01-18-08-55-07/train-2-0.08-0.9-0.98-1e-12-16000-1500-1024-4-8-64-256-256-256-256-True-1.75.log 0.00 0.00 0.00 11.55 14.18 16.46 18.91 21.70 24.94 28.24 30.45 33.01 0.00 35.40 37.00 0.00 38.92 39.88 41.88 0.00 0.00 0.00 44.93 45.08 0.00 47.34 47.73 48.78 49.16 49.42 50.68 50.66 51.48 51.64 52.69 53.09 53.69 53.75 54.11 54.68 55.36 55.67 55.87 56.42 56.58 57.17
hyperparams/tune-2018-01-18-08-55-07/train-2-0.08-0.9-0.98-1e-12-16000-2000-1024-4-8-64-256-256-256-256-True-0.75.log 0.00 0.00 0.00 0.00 0.00 0.00 0.00 0.00 0.00 0.00 0.00 0.00 0.00 0.00 0.00 0.00 0.00 0.00 0.00 0.00 0.00 0.00 0.00 0.00 0.00 0.00 0.00 0.00 0.00 0.00 0.00 0.00 0.00 0.00 0.00 0.00 0.00 0.00 0.00 0.00
hyperparams/tune-2018-01-18-08-55-07/train-2-0.08-0.9-0.98-1e-12-16000-2000-1024-4-8-64-256-256-256-256-True-1.0.log 0.00 0.00 0.00 0.00 0.00 0.00 0.00 0.00 0.00 0.00 0.00 0.00 0.00 0.00 0.00 0.00 0.00 0.00 0.00 0.00 0.00 0.00 0.00 0.00 0.00 0.00 0.00 0.00 0.00 0.00 0.00 0.00 0.00 0.00 0.00 0.00 0.00 0.00 0.00
hyperparams/tune-2018-01-18-08-55-07/train-2-0.08-0.9-0.98-1e-12-16000-2000-1024-4-8-64-256-256-256-256-True-1.25.log 20.18 31.93 40.20 38.01 43.06 42.64 44.38 47.14 48.67 50.68 51.49 54.23 55.52 56.70 56.65 57.55 58.38 59.44 58.82 60.96 0.00 61.37 61.51 0.00 0.00 63.07 63.16 63.44 63.06 63.76 63.97 0.00 0.00 0.00 65.00 0.00 0.00 0.00 0.00 65.47
hyperparams/tune-2018-01-18-08-55-07/train-2-0.08-0.9-0.98-1e-12-16000-2000-1024-4-8-64-256-256-256-256-True-1.5.log 4.61 18.77 27.79 34.36 36.99 0.00 43.50 44.81 48.05 49.40 49.84 51.58 53.33 54.42 55.02 55.55 56.92 57.59 58.24 58.87 59.09 58.95 58.68 59.78 61.24 61.21 61.13 61.82 61.79 62.00 62.72 63.07 63.12 63.34 63.61 63.95 63.67 63.80 65.22
hyperparams/tune-2018-01-18-08-55-07/train-2-0.08-0.9-0.98-1e-12-16000-2000-1024-4-8-64-256-256-256-256-True-1.75.log 0.00 0.00 0.00 0.00 0.00 0.00 1.92 6.21 9.19 11.30 13.38 14.64 14.86 16.58 17.83 19.17 19.26 20.88 21.48 22.36 23.53 24.16 25.40 26.37 27.32 28.44 28.85 31.06 32.63 34.63 34.85 36.07 37.18 37.52 38.67 39.17 39.28 40.18 40.57 41.94 42.05 42.73
hyperparams/tune-2018-01-18-08-55-07/train-2-0.1-0.9-0.98-1e-12-16000-1000-1024-4-8-64-256-256-256-256-True-0.75.log 0.00 0.00 0.00 0.00 0.00 0.00 0.00 0.00 0.00 0.00 0.00 0.00 0.00 0.00 0.00 0.00 0.00 0.00 0.00 0.00 0.00 0.00 0.00 0.00 0.00 0.00 0.00 0.00 0.00 0.00 0.00 0.00 0.00 0.00 0.00 0.00 0.00 0.00 0.00 0.00 0.00 0.00 0.00 0.00 0.00 0.00 0.00 0.00 0.00 0.00
hyperparams/tune-2018-01-18-08-55-07/train-2-0.1-0.9-0.98-1e-12-16000-1000-1024-4-8-64-256-256-256-256-True-1.0.log 0.00 0.00 0.00 0.00 0.00 0.00 0.00 0.00 0.00 0.00 0.00 0.00 0.00 0.00 0.00 0.00 0.00 0.00 0.00 0.00 0.00 0.00 0.00 0.00 0.00 0.00 0.00 0.00 0.00 0.00 0.00 0.00 0.00 0.00 0.00 0.00 0.00 0.00 0.00 0.00 0.00 0.00 0.00 0.00 0.00 0.00 0.00 0.00 0.00 0.00 0.00 0.00
hyperparams/tune-2018-01-18-08-55-07/train-2-0.1-0.9-0.98-1e-12-16000-1000-1024-4-8-64-256-256-256-256-True-1.25.log 14.52 21.74 27.18 25.43 22.70 1.80 0.00 0.00 0.00 0.00 0.00 0.00 0.00 0.00 0.00 0.00 0.00 0.00 0.00 0.00 0.00 0.00 0.00 0.00 0.00 0.00 0.00 0.00 0.00 0.00 0.00 0.00 0.00 0.00 0.00 0.00 0.00 0.00 0.00 0.00 0.00 0.00 0.00 0.00 0.33 0.00 0.00 0.00 0.00 0.00 0.00 0.33 0.00
hyperparams/tune-2018-01-18-08-55-07/train-2-0.1-0.9-0.98-1e-12-16000-1000-1024-4-8-64-256-256-256-256-True-1.5.log 0.00 17.57 23.06 0.00 34.00 36.09 38.37 41.66 42.94 43.47 46.00 46.57 46.49 47.28 49.02 49.43 51.33 50.54 51.33 52.17 51.94 52.90 52.01 51.74 53.46 54.83 54.60 53.89 52.99 54.59 55.54 55.28 56.16 56.84 56.43 56.40 57.39 57.35 58.70 59.01 58.62 59.40 58.57 59.28 60.49 60.95 60.87 61.25 62.21 61.50 61.13 61.44
hyperparams/tune-2018-01-18-08-55-07/train-2-0.1-0.9-0.98-1e-12-16000-1000-1024-4-8-64-256-256-256-256-True-1.75.log 0.00 0.00 0.00 0.00 6.65 13.38 15.00 17.41 19.80 22.99 25.97 27.06 29.50 0.00 32.14 0.00 34.84 35.89 0.00 38.86 39.28 40.18 40.81 42.33 42.75 43.57 44.26 44.69 45.70 46.38 46.78 47.26 48.45 48.38 48.24 49.67 50.22 50.49 51.55 51.33 52.28 51.96 52.87 53.07 52.53 53.63 53.94 54.28 55.25 54.40 55.60
hyperparams/tune-2018-01-18-08-55-07/train-2-0.1-0.9-0.98-1e-12-16000-1500-1024-4-8-64-256-256-256-256-True-0.75.log 0.00 0.00 0.00 0.00 0.00 0.00 0.00 0.00 0.00 0.00 0.00 0.00 0.00 0.00 0.00 0.00 0.00 0.00 0.00 0.00 0.00 0.00 0.00 0.00 0.00 0.00 0.00 0.00 0.00 0.00 0.00 0.00 0.00 0.00 0.00 0.00 0.00 0.00 0.00 0.00 0.00 0.00 0.00 0.00 0.00 0.00 0.00
hyperparams/tune-2018-01-18-08-55-07/train-2-0.1-0.9-0.98-1e-12-16000-1500-1024-4-8-64-256-256-256-256-True-1.0.log 0.00 0.00 0.00 0.00 0.00 0.00 0.00 0.00 0.00 0.00 0.00 0.00 0.00 0.00 0.00 0.00 0.00 0.00 0.00 0.00 0.00 0.00 0.00 0.00 0.00 0.00 0.00 0.00 0.00 0.00 0.00 0.00 0.00 0.00 0.00 0.00 0.00 0.00 0.00 0.00 0.00 0.00 0.00 0.00 0.00 0.00
hyperparams/tune-2018-01-18-08-55-07/train-2-0.1-0.9-0.98-1e-12-16000-1500-1024-4-8-64-256-256-256-256-True-1.25.log 0.59 6.18 11.60 9.73 7.80 0.00 0.00 0.00 0.00 0.00 0.00 0.00 0.00 0.00 0.00 0.00 0.00 0.00 0.00 0.00 0.00 0.00 0.00 0.00 0.00 0.00 0.00 0.00 0.00 0.00 0.00 0.00 0.00 0.00 0.00 0.00 0.00 0.00 0.00 0.00 0.00 0.00 0.00 0.00 0.00 0.00
hyperparams/tune-2018-01-18-08-55-07/train-2-0.1-0.9-0.98-1e-12-16000-1500-1024-4-8-64-256-256-256-256-True-1.5.log 0.00 16.04 24.41 31.46 35.47 40.17 42.89 44.52 47.09 47.99 48.02 51.04 50.67 51.00 52.73 53.51 54.69 54.68 56.33 56.50 57.53 56.77 57.45 57.59 58.53 58.11 56.57 59.36 58.70 59.28 59.17 59.88 59.72 59.95 60.44 60.89 60.77 61.20 62.27 62.32 62.59 63.10 63.30 61.90 64.22 63.99
hyperparams/tune-2018-01-18-08-55-07/train-2-0.1-0.9-0.98-1e-12-16000-1500-1024-4-8-64-256-256-256-256-True-1.75.log 0.00 0.00 0.00 12.67 16.22 17.89 19.58 21.36 24.47 26.97 29.95 32.43 0.00 0.00 36.50 37.99 38.58 0.00 41.11 41.56 42.41 43.36 44.42 45.21 46.40 46.43 48.04 48.21 48.46 49.44 50.19 50.51 51.11 51.79 52.43 52.97 53.48 53.65 53.89 54.80 55.02 55.56 55.61 55.91 56.38
hyperparams/tune-2018-01-18-08-55-07/train-2-0.1-0.9-0.98-1e-12-16000-2000-1024-4-8-64-256-256-256-256-True-0.75.log 0.00 0.00 0.00 0.00 0.00 0.00 0.00 0.00 0.00 0.00 0.00 0.00 0.00 0.00 0.00 0.00 0.00 0.00 0.00 0.00 0.00 0.00 0.00 0.00 0.00 0.00 0.00 0.00 0.00 0.00 0.00 0.00 0.00 0.00 0.00 0.00 0.00 0.00 0.00 0.00 0.00 0.00
hyperparams/tune-2018-01-18-08-55-07/train-2-0.1-0.9-0.98-1e-12-16000-2000-1024-4-8-64-256-256-256-256-True-1.0.log 0.00 0.00 0.00 0.00 0.00 0.00 0.00 0.00 0.00 0.00 0.00 0.00 0.00 0.00 0.00 0.00 0.00 0.00 0.00 0.00 0.00 0.00 0.00 0.00 0.00 0.00 0.00 0.00 0.00 0.00 0.00 0.00 0.00 0.00 0.00 0.00 0.00 0.00 0.00 0.00 0.00
hyperparams/tune-2018-01-18-08-55-07/train-2-0.1-0.9-0.98-1e-12-16000-2000-1024-4-8-64-256-256-256-256-True-1.25.log 20.94 35.16 34.43 40.13 39.63 42.61 43.31 46.47 48.63 49.54 51.97 53.06 55.17 54.47 55.90 56.54 57.78 0.00 0.00 58.75 0.00 0.00 0.00 0.00 0.00 0.00 0.00 0.00 0.00 0.00 0.00 0.00 0.00 0.00 0.00 0.00 0.00 0.00 0.00 0.00 0.00
hyperparams/tune-2018-01-18-08-55-07/train-2-0.1-0.9-0.98-1e-12-16000-2000-1024-4-8-64-256-256-256-256-True-1.5.log 7.71 19.99 27.24 32.45 0.00 40.60 43.30 45.38 46.35 48.87 49.47 49.83 52.62 53.55 54.22 54.15 55.70 56.27 56.87 57.39 56.12 57.73 58.76 59.30 59.40 59.62 60.50 59.12 61.24 60.02 61.62 60.92 61.42 61.62 62.56 62.01 63.20 63.51 63.31
hyperparams/tune-2018-01-18-08-55-07/train-2-0.1-0.9-0.98-1e-12-16000-2000-1024-4-8-64-256-256-256-256-True-1.75.log 0.00 0.00 7.64 15.00 16.66 18.67 22.15 25.20 29.61 31.71 33.50 35.60 0.00 38.56 39.69 40.83 42.36 43.46 44.46 0.00 0.00 47.18 47.76 48.68 0.00 50.48 50.63 51.42 52.25 52.58 53.06 53.78 53.99 54.51 55.27 55.82 56.00 56.88 57.55 57.18 58.35
